Sample	10	12	14	16	18	20	22	24	26	28	30	32	34	36	38	40	42	44	46	48	50	52	54	56	58	60	62	64	66	68	70	72	74	76	78	80	82	84
T004-B1BALCells-PB-miRNA_S1_R1_001	96532.0	96289.0	78189.0	232909.0	60745.0	73414.0	81105.0	65586.0	87862.0	85021.0	82059.0	89442.0	92944.0	92709.0	98931.0	104087.0	113902.0	119466.0	123360.0	142919.0	149811.0	154006.0	165666.0	176150.0	175869.0	182990.0	192164.0	197819.0	204400.0	104380.0	30.0	12.0	9.0	43.0	22.0	6.0	10.0	22263497.0
T004-B2BCGBAL-PB-miRNA_S11_R1_001	49709.0	57160.0	76709.0	158081.0	120513.0	149986.0	178973.0	217179.0	277736.0	290292.0	318235.0	379623.0	353941.0	371276.0	395131.0	416435.0	445560.0	457492.0	469511.0	522749.0	536638.0	552327.0	571776.0	598491.0	605783.0	622793.0	635911.0	636442.0	641767.0	329347.0	66.0	16.0	32.0	79.0	34.0	3.0	35.0	39378406.0
T004-B2PPDBAL-PB-miRNA_S10_R1_001	62832.0	55808.0	48716.0	163642.0	41455.0	51614.0	64102.0	55935.0	74868.0	73212.0	71141.0	76903.0	80936.0	86336.0	93078.0	99984.0	108191.0	113028.0	116447.0	129229.0	137916.0	147348.0	156220.0	165371.0	171658.0	183391.0	192003.0	197271.0	202013.0	103963.0	20.0	13.0	14.0	48.0	20.0	2.0	21.0	21404357.0
T004-B2SalBAL-PB-miRNA_S9_R1_001	83142.0	73994.0	78205.0	210674.0	73431.0	81503.0	89060.0	82407.0	110876.0	96725.0	99311.0	126207.0	85790.0	80066.0	79504.0	76044.0	78497.0	78318.0	77536.0	95055.0	95607.0	102957.0	110720.0	112577.0	108683.0	112398.0	116604.0	123257.0	128231.0	68525.0	26.0	6.0	10.0	39.0	22.0	1.0	18.0	19167237.0
T006-B1BALCells-PBmiRNA_S2_R1_001	126390.0	92864.0	90312.0	284010.0	67481.0	72152.0	77039.0	59801.0	79811.0	67568.0	64373.0	75720.0	57410.0	53255.0	54716.0	53096.0	56001.0	57551.0	56574.0	76065.0	74677.0	81684.0	90810.0	92633.0	91169.0	97016.0	103713.0	109357.0	116299.0	61522.0	34.0	7.0	19.0	45.0	16.0	4.0	17.0	22684918.0
T006-B2BCGBAL-PBmiRNA_S13_R1_001	57095.0	56521.0	76732.0	138309.0	77040.0	80141.0	80950.0	100036.0	129060.0	120240.0	131773.0	163423.0	123585.0	117680.0	114710.0	110932.0	117468.0	114813.0	121881.0	177646.0	157665.0	158767.0	190315.0	193569.0	167346.0	163832.0	167505.0	178680.0	179977.0	95375.0	31.0	10.0	15.0	46.0	31.0	6.0	22.0	24068111.0
T006-B2PPDBAL-PLmiRNA_S15_R1_001	111879.0	106990.0	143677.0	262284.0	175990.0	196940.0	215367.0	264048.0	346006.0	331837.0	366296.0	466961.0	343694.0	344832.0	348300.0	346940.0	360073.0	360947.0	364523.0	425736.0	423162.0	436497.0	448010.0	453351.0	440387.0	452282.0	454549.0	465876.0	463464.0	243148.0	56.0	20.0	31.0	63.0	33.0	7.0	25.0	30451683.0
T006-B2SalBAL-PBmiRNA_S12_R1_001	29337.0	27028.0	32893.0	74627.0	36156.0	41319.0	45737.0	51499.0	71786.0	65040.0	72778.0	100418.0	65900.0	64187.0	66197.0	65259.0	68603.0	70095.0	71600.0	90564.0	91069.0	101270.0	110043.0	111463.0	110130.0	115008.0	119532.0	128368.0	131458.0	70554.0	41.0	9.0	14.0	40.0	19.0	2.0	19.0	22758146.0
T006-B2TSTBAL-PBmiRNA_S14_R1_001	49762.0	57693.0	89505.0	154257.0	134092.0	154196.0	177570.0	216064.0	268753.0	279387.0	296747.0	333451.0	317032.0	319596.0	325779.0	329407.0	345667.0	345766.0	352743.0	414360.0	401106.0	405677.0	425677.0	431274.0	420255.0	430314.0	436860.0	439092.0	441176.0	227261.0	44.0	21.0	21.0	46.0	32.0	3.0	32.0	30985287.0
T007-B1BALCells-PBmiRNA1_S26_R1_001	53477.0	59080.0	91178.0	156643.0	131707.0	150513.0	174033.0	207807.0	261421.0	262865.0	276642.0	317600.0	283435.0	285804.0	290105.0	297502.0	309313.0	304163.0	305128.0	346524.0	339177.0	345285.0	353717.0	360483.0	348197.0	357292.0	361265.0	363826.0	358337.0	185049.0	40.0	14.0	21.0	70.0	23.0	11.0	29.0	28292280.0
T007-B1BALCells-PLmiRNA2_S27_R1_001	42486.0	41141.0	54215.0	102889.0	61046.0	64570.0	69870.0	92875.0	145620.0	129998.0	138953.0	208995.0	121310.0	116223.0	111969.0	108315.0	113657.0	116968.0	117564.0	172816.0	150011.0	153659.0	159411.0	156876.0	143326.0	145036.0	144877.0	149068.0	157858.0	86352.0	30.0	18.0	13.0	40.0	29.0	3.0	26.0	21949136.0
T007-B2BCGBAL-PBmiRNA1_S2_R1_001	34360.0	34261.0	44119.0	93726.0	49938.0	54329.0	60931.0	72272.0	106876.0	93468.0	104988.0	158996.0	94590.0	91303.0	90928.0	90294.0	94359.0	96698.0	98852.0	130991.0	124642.0	137046.0	147140.0	145677.0	141328.0	148387.0	153426.0	161756.0	168664.0	91067.0	211.0	87.0	219.0	133.0	205.0	85.0	200.0	25043779.0
T007-B2BCGBAL-PLmiRNA2_S3_R1_001	32524.0	33147.0	49169.0	83965.0	58557.0	63255.0	67836.0	81609.0	106665.0	106505.0	110207.0	132713.0	107466.0	104586.0	104793.0	103687.0	108580.0	109179.0	111897.0	150334.0	140744.0	140185.0	151164.0	151508.0	146138.0	151946.0	156236.0	161719.0	167782.0	89998.0	213.0	78.0	230.0	140.0	180.0	111.0	198.0	25922400.0
T007-B2PPDBAL-PBmiRNA_S1_R1_001	19113.0	19423.0	30715.0	51493.0	38004.0	42409.0	47430.0	58918.0	76630.0	84131.0	85315.0	100052.0	98112.0	98985.0	102692.0	104581.0	112796.0	120108.0	125202.0	163416.0	158261.0	162601.0	172844.0	179055.0	177806.0	189163.0	195581.0	202955.0	210036.0	111817.0	253.0	102.0	272.0	144.0	241.0	124.0	233.0	29292471.0
T007-B2SalBAL-PBmiRNA_S29_R1_001	43128.0	47607.0	66836.0	117850.0	81805.0	90453.0	102677.0	125410.0	175690.0	169978.0	183512.0	244086.0	186765.0	182857.0	186715.0	189622.0	200611.0	204769.0	211994.0	262724.0	255414.0	266158.0	277352.0	284115.0	275479.0	287323.0	293061.0	305446.0	309868.0	164924.0	49.0	14.0	14.0	49.0	29.0	4.0	31.0	31140426.0
T009-B1BALCells-PBmiRNA_S25_R1_001	53256.0	50438.0	64901.0	134904.0	82128.0	90648.0	101469.0	108725.0	128491.0	128332.0	126904.0	133239.0	118372.0	110453.0	108622.0	105068.0	104184.0	100357.0	94303.0	100505.0	100895.0	101082.0	103571.0	107547.0	106184.0	113036.0	114624.0	117956.0	118330.0	62493.0	35.0	5.0	10.0	40.0	21.0	0.0	10.0	20086481.0
T009-B2BCGBAL-PBmiRNA_S7_R1_001	38957.0	40439.0	63963.0	127061.0	93325.0	114632.0	119128.0	138214.0	171112.0	178095.0	184637.0	196334.0	186630.0	178848.0	181897.0	172948.0	172411.0	170776.0	166600.0	202739.0	186924.0	186073.0	200472.0	200790.0	196325.0	206262.0	211419.0	213224.0	212861.0	113521.0	43.0	10.0	15.0	37.0	23.0	3.0	21.0	24171342.0
T009-B2PPDBAL-PBmiRNA_S28_R1_001	45277.0	50879.0	77620.0	127745.0	101833.0	112728.0	124252.0	148105.0	183594.0	192261.0	202614.0	235955.0	224929.0	225645.0	238417.0	240681.0	255519.0	260591.0	275537.0	338317.0	325230.0	325251.0	336468.0	353260.0	348301.0	365810.0	372050.0	384410.0	381346.0	200082.0	55.0	15.0	36.0	97.0	26.0	11.0	35.0	35876164.0
T009-B2SalBAL-PBmiRNA_S6_R1_001	134744.0	92155.0	115410.0	333611.0	85046.0	80933.0	73029.0	63762.0	75180.0	71024.0	68892.0	75358.0	66537.0	64162.0	66585.0	66081.0	70365.0	70897.0	73779.0	86503.0	88892.0	97853.0	106834.0	108483.0	107692.0	114860.0	120175.0	126992.0	131122.0	69452.0	25.0	7.0	10.0	48.0	19.0	2.0	16.0	21792478.0
T010-B1BALRNA-PBmiRNA_S9_R1_001	33079.0	33707.0	43394.0	89095.0	51413.0	57958.0	64461.0	74627.0	99817.0	94957.0	104626.0	143004.0	101048.0	100677.0	102298.0	103171.0	108006.0	110454.0	113587.0	137306.0	139866.0	149040.0	158754.0	166016.0	166458.0	175459.0	181235.0	192275.0	194196.0	103180.0	212.0	79.0	196.0	169.0	228.0	120.0	222.0	26149087.0
T011-B1BALCells-PBmiRNA_S4_R1_001	140095.0	110740.0	107700.0	270557.0	89079.0	90340.0	98672.0	91399.0	127413.0	108745.0	111822.0	157093.0	96318.0	88305.0	87101.0	81353.0	83681.0	85094.0	82414.0	110253.0	108101.0	122356.0	127291.0	123225.0	119880.0	124286.0	129485.0	137804.0	141744.0	77631.0	32.0	11.0	12.0	36.0	19.0	4.0	24.0	24215150.0
T011-B2BCGBAL-PBmiRNA_S22_R1_001	50594.0	47027.0	60425.0	131214.0	71070.0	76849.0	82504.0	95650.0	127653.0	115462.0	125604.0	164913.0	109255.0	105367.0	106298.0	102235.0	103350.0	102906.0	102368.0	120687.0	119797.0	128800.0	133373.0	133777.0	131531.0	137693.0	139194.0	144385.0	147917.0	79416.0	43.0	15.0	17.0	46.0	27.0	7.0	27.0	23458498.0
T011-B2BCGBAL-PBmiRNA_S5_R1_001	109573.0	95175.0	105854.0	256990.0	111248.0	118924.0	127122.0	121762.0	145298.0	134498.0	128101.0	137728.0	114364.0	103831.0	102454.0	97163.0	95051.0	93486.0	85846.0	97951.0	96649.0	98893.0	101529.0	99228.0	98257.0	103627.0	107662.0	111790.0	112462.0	60724.0	36.0	9.0	12.0	41.0	19.0	3.0	20.0	22445870.0
T011-B2PPDBAL-PBmiRNA1_S23_R1_001	44059.0	43751.0	61513.0	124370.0	70035.0	78334.0	83789.0	106633.0	139141.0	142017.0	156069.0	195330.0	167524.0	165037.0	176405.0	177872.0	190601.0	194083.0	208685.0	281393.0	257909.0	253801.0	272705.0	282155.0	270713.0	280644.0	290310.0	294855.0	300083.0	157996.0	32.0	21.0	19.0	59.0	26.0	3.0	37.0	30515240.0
T011-B2PPDBAL-PLmiRNA2_S24_R1_001	15117.0	12908.0	15024.0	41285.0	21555.0	28371.0	35115.0	42260.0	58027.0	63479.0	72279.0	92308.0	85989.0	93437.0	103914.0	110662.0	120880.0	129863.0	133847.0	153920.0	165493.0	176400.0	187454.0	198456.0	206471.0	219923.0	227218.0	237015.0	241133.0	126515.0	30.0	15.0	27.0	51.0	16.0	6.0	20.0	23505935.0
T012-BALRNA-PBmiRNA_S8_R1_001	26646.0	26544.0	35581.0	71848.0	43540.0	49727.0	56648.0	68779.0	90504.0	91066.0	101140.0	128745.0	110327.0	113429.0	120257.0	124207.0	133693.0	139096.0	144687.0	178593.0	180257.0	190962.0	206851.0	217070.0	218641.0	228740.0	238533.0	251096.0	257591.0	137166.0	268.0	75.0	284.0	157.0	255.0	152.0	263.0	30993429.0
T013-B1BALCells-PBmiRNA_S4_R1_001	33772.0	31165.0	40025.0	82752.0	48355.0	54413.0	62123.0	69901.0	87221.0	85544.0	90243.0	108303.0	91185.0	89236.0	91696.0	92757.0	95512.0	97227.0	97747.0	117798.0	119736.0	129828.0	137311.0	142587.0	143416.0	152534.0	160835.0	173103.0	174543.0	93103.0	175.0	66.0	201.0	147.0	211.0	113.0	208.0	24729128.0
T013-B2BCGBAL-PBmiRNA_S7_R1_001	27510.0	27809.0	40520.0	72689.0	50826.0	57745.0	64708.0	78728.0	99377.0	102766.0	111393.0	132946.0	123953.0	125694.0	133112.0	137594.0	147367.0	153462.0	161149.0	197904.0	200378.0	208769.0	221701.0	231972.0	235137.0	248030.0	256394.0	266299.0	273839.0	144695.0	287.0	92.0	259.0	167.0	290.0	165.0	275.0	32254876.0
T013-B2PPDBAL-PBmiRNA_S6_R1_001	55997.0	62643.0	98875.0	164975.0	145949.0	167126.0	193481.0	234810.0	293399.0	300305.0	316713.0	361095.0	335879.0	349898.0	361070.0	376577.0	399947.0	395857.0	402387.0	465326.0	461599.0	470432.0	489869.0	502773.0	497617.0	515878.0	527242.0	522081.0	523786.0	269021.0	289.0	103.0	292.0	166.0	280.0	172.0	292.0	34969660.0
T013-B2SalBAL-PBmiRNA_S5_R1_001	31959.0	27547.0	33495.0	72976.0	32575.0	34900.0	38196.0	44474.0	61896.0	55735.0	64384.0	90986.0	63998.0	63066.0	64969.0	66222.0	69740.0	69911.0	73442.0	108936.0	99957.0	113950.0	132185.0	126845.0	117337.0	122110.0	130582.0	151996.0	144545.0	80633.0	194.0	72.0	234.0	129.0	195.0	115.0	191.0	22854587.0
T014-B1BALCells-PLmiRNA2_S28_R1_001	134218.0	150964.0	214450.0	295417.0	374405.0	385834.0	451574.0	577800.0	865139.0	638628.0	691092.0	1028935.0	667560.0	732026.0	633318.0	608303.0	616266.0	612860.0	614661.0	673348.0	661446.0	670684.0	692544.0	705557.0	693696.0	695511.0	687017.0	692294.0	681264.0	343789.0	319.0	127.0	292.0	170.0	295.0	171.0	291.0	34389883.0
T014-B1BALRNA-PBmiRNA1_S27_R1_001	76609.0	75628.0	108242.0	127563.0	149618.0	122962.0	137077.0	195825.0	384018.0	224806.0	248860.0	542100.0	227528.0	269708.0	204588.0	174911.0	185037.0	183719.0	188352.0	266689.0	246825.0	252094.0	289678.0	317209.0	286044.0	276312.0	276409.0	300192.0	301807.0	157266.0	259.0	93.0	259.0	152.0	277.0	134.0	246.0	30220625.0
T014-B2BCGBAL-PBmiRNA1_S3_R1_001	31420.0	31612.0	42088.0	69981.0	101603.0	79509.0	104977.0	192203.0	440485.0	230803.0	268656.0	643562.0	275622.0	346162.0	243067.0	189788.0	207065.0	204282.0	220352.0	310757.0	267284.0	297824.0	329047.0	331616.0	312358.0	311895.0	304764.0	335414.0	337301.0	175311.0	126.0	100.0	131.0	323.0	166.0	323.0	495.0	30743852.0
T014-B2BCGBAL-PLmiRNA2_S4_R1_001	68364.0	81484.0	119670.0	183127.0	250741.0	264209.0	325557.0	454256.0	737474.0	524868.0	565156.0	845076.0	597024.0	681323.0	583704.0	556948.0	576738.0	577588.0	581353.0	652409.0	641574.0	667504.0	688212.0	702965.0	697515.0	704725.0	700693.0	703580.0	701922.0	355800.0	159.0	134.0	158.0	426.0	226.0	465.0	642.0	37812090.0
T014-B2PPDBAL-PBmiRNA1_S1_R1_001	47003.0	47234.0	62814.0	89337.0	115431.0	96476.0	115649.0	185619.0	391466.0	216805.0	243199.0	545379.0	230997.0	285895.0	210526.0	165852.0	178555.0	173993.0	180953.0	244239.0	233376.0	243003.0	274166.0	295499.0	274832.0	271010.0	266058.0	288329.0	293212.0	151665.0	120.0	122.0	147.0	333.0	184.0	316.0	507.0	30661283.0
T014-B2PPDBAL-PLmiRNA2_S2_R1_001	83754.0	96623.0	132370.0	186664.0	243604.0	257096.0	313936.0	402959.0	616012.0	491755.0	531139.0	843942.0	544132.0	611018.0	546618.0	521043.0	545450.0	545003.0	549097.0	637866.0	633002.0	630801.0	670526.0	710586.0	680747.0	673831.0	667471.0	676731.0	674730.0	344279.0	174.0	160.0	177.0	426.0	242.0	439.0	616.0	39622230.0
T014-B2SalBAL-PBmiRNA_S29_R1_001	63450.0	62307.0	74310.0	104193.0	135806.0	127990.0	160231.0	219240.0	408291.0	260089.0	308311.0	611099.0	300884.0	353594.0	293675.0	265018.0	275693.0	281067.0	288062.0	347183.0	342863.0	361845.0	387168.0	408053.0	400626.0	407881.0	409210.0	425996.0	426262.0	219998.0	266.0	113.0	299.0	185.0	293.0	147.0	274.0	32821907.0
T015-B1BALCells-PBmiRNA_S18_R1_001	39539.0	41024.0	56054.0	108424.0	72394.0	83683.0	99263.0	115382.0	155605.0	157623.0	172580.0	215415.0	192579.0	189853.0	198555.0	203144.0	215643.0	221690.0	231195.0	283141.0	276783.0	288154.0	297951.0	308060.0	305663.0	311977.0	321628.0	336106.0	340061.0	181767.0	257.0	100.0	307.0	167.0	298.0	160.0	303.0	33848855.0
T015-B2BCGBAL-PBmiRNA_S22_R1_001	40788.0	39698.0	48267.0	63517.0	76759.0	75517.0	89234.0	128044.0	227539.0	142075.0	158027.0	268837.0	155990.0	186029.0	154872.0	143628.0	153123.0	160244.0	166835.0	198428.0	205557.0	225528.0	243271.0	257404.0	261728.0	277642.0	285431.0	302175.0	309218.0	159056.0	228.0	93.0	259.0	176.0	256.0	144.0	260.0	30328166.0
T015-B2PPDBAL-PBmiRNA_S21_R1_001	72217.0	75249.0	83067.0	137352.0	198670.0	148452.0	204001.0	312529.0	710982.0	375224.0	446142.0	1122031.0	445466.0	581467.0	388846.0	309642.0	333517.0	329533.0	344834.0	445463.0	444182.0	467510.0	511763.0	552166.0	526535.0	517933.0	510509.0	540596.0	546945.0	281686.0	330.0	116.0	336.0	196.0	347.0	171.0	320.0	38589564.0
T015-B2SalBAL-PBmiRNA1_S19_R1_001	23245.0	23016.0	31703.0	55229.0	33210.0	35075.0	38690.0	44976.0	59217.0	57861.0	61601.0	76539.0	61884.0	58878.0	59022.0	58892.0	61441.0	61038.0	64141.0	86210.0	80858.0	84856.0	92954.0	93989.0	92347.0	95474.0	99595.0	105392.0	109182.0	58830.0	149.0	63.0	166.0	111.0	159.0	86.0	161.0	19124269.0
T015-B2SalBAL-PLmiRNA2_S20_R1_001	61817.0	65193.0	93237.0	118152.0	140621.0	137213.0	146959.0	192489.0	316956.0	249629.0	226356.0	419213.0	220434.0	248644.0	213296.0	180422.0	190045.0	183328.0	189541.0	265097.0	253013.0	251746.0	302047.0	333731.0	302538.0	294955.0	288876.0	316701.0	324084.0	170569.0	281.0	108.0	271.0	183.0	280.0	142.0	267.0	32895864.0
T016-B1BALCells-PBmiRNA_S16_R1_001	110196.0	106233.0	135067.0	220680.0	142069.0	145197.0	146432.0	166299.0	206109.0	194879.0	199170.0	227330.0	185412.0	174749.0	171403.0	168621.0	173026.0	174556.0	174289.0	212870.0	203839.0	205372.0	218863.0	222983.0	217232.0	220976.0	228325.0	236587.0	242087.0	125824.0	48.0	8.0	18.0	55.0	32.0	2.0	29.0	26216401.0
T016-B2BCGBAL-PBmiRNA1_S17_R1_001	48075.0	47952.0	64755.0	120954.0	72014.0	80177.0	85196.0	105974.0	142862.0	132329.0	145588.0	197932.0	132695.0	127911.0	128109.0	126488.0	130609.0	131530.0	135255.0	182381.0	168824.0	176278.0	193267.0	191582.0	183008.0	187794.0	194559.0	205586.0	208598.0	110829.0	31.0	12.0	24.0	53.0	16.0	2.0	23.0	26076097.0
T016-B2BCGBAL-PBmiRNA2_S18_R1_001	19984.0	17724.0	24957.0	51566.0	29916.0	33519.0	36421.0	42111.0	51731.0	51711.0	55070.0	65173.0	55594.0	56368.0	59261.0	59870.0	64063.0	66545.0	69760.0	87901.0	88821.0	96178.0	107646.0	111875.0	113947.0	121899.0	127772.0	136975.0	143815.0	76235.0	31.0	10.0	18.0	41.0	24.0	2.0	23.0	24350128.0
T016-B2PPDBAL-PBmiRNA_S19_R1_001	52171.0	55961.0	78685.0	140501.0	96921.0	107058.0	117221.0	141026.0	185628.0	176280.0	193374.0	243739.0	186238.0	183298.0	185378.0	185049.0	193677.0	195504.0	202813.0	255308.0	241950.0	246553.0	263979.0	271103.0	260523.0	269784.0	276751.0	286724.0	290074.0	152714.0	38.0	21.0	19.0	60.0	32.0	4.0	22.0	28854765.0
T021-B1BALCells-PLmiRNA_S3_R1_001	49002.0	37777.0	36157.0	124897.0	28624.0	32436.0	36201.0	31843.0	47015.0	40733.0	41466.0	55438.0	39627.0	39815.0	42083.0	42890.0	47271.0	50416.0	50674.0	61395.0	65427.0	73216.0	78087.0	82168.0	85590.0	90289.0	96656.0	103282.0	108828.0	60722.0	33.0	15.0	24.0	60.0	20.0	5.0	19.0	20336488.0
T021-B2Sal2BAL-PLmiRNA_S20_R1_001	63020.0	47797.0	55340.0	142301.0	52358.0	55724.0	57130.0	57441.0	69438.0	65244.0	65643.0	74944.0	60662.0	57481.0	58233.0	56171.0	57044.0	58371.0	56284.0	70662.0	67771.0	73764.0	79473.0	77916.0	76991.0	79356.0	81975.0	86183.0	90083.0	47757.0	20.0	10.0	13.0	33.0	17.0	2.0	12.0	17881337.0
T021-B2Sal3BAL-PLmiRNA_S21_R1_001	52572.0	44606.0	42115.0	116760.0	34809.0	39655.0	43951.0	41404.0	68651.0	55039.0	64206.0	107913.0	50467.0	46830.0	48680.0	44621.0	46545.0	47632.0	50484.0	70507.0	69825.0	82963.0	87608.0	86337.0	82564.0	85277.0	89276.0	96239.0	103976.0	58316.0	27.0	13.0	17.0	36.0	13.0	7.0	22.0	18899197.0
T023-B1BALCells-PBmiRNA_S10_R1_001	31970.0	31938.0	43398.0	83125.0	52800.0	59749.0	69244.0	82614.0	110089.0	116086.0	124968.0	155109.0	146220.0	144968.0	153410.0	158694.0	168185.0	171553.0	180655.0	222064.0	221893.0	229109.0	238878.0	251195.0	243704.0	252128.0	265436.0	290052.0	275671.0	145092.0	266.0	99.0	288.0	173.0	272.0	140.0	258.0	30300339.0
T023-B2BCGBAL-PBmiRNA_S12_R1_001	63465.0	60078.0	53860.0	145790.0	46243.0	49368.0	59052.0	48677.0	70773.0	58460.0	59501.0	86318.0	49559.0	44992.0	44250.0	44122.0	44179.0	45215.0	46473.0	61249.0	60089.0	67252.0	73340.0	72722.0	71245.0	74624.0	79222.0	83877.0	88610.0	47772.0	178.0	76.0	186.0	99.0	164.0	86.0	157.0	20131957.0
T023-B2PPDBAL-PBmiRNA_S11_R1_001	29991.0	21726.0	27328.0	70036.0	25416.0	26104.0	27709.0	29521.0	35356.0	35353.0	36219.0	41961.0	36772.0	35847.0	37221.0	37506.0	39462.0	40755.0	41845.0	50473.0	53135.0	58453.0	62915.0	66940.0	68928.0	75383.0	81069.0	86065.0	90840.0	48907.0	176.0	78.0	168.0	122.0	150.0	82.0	166.0	20354130.0
T023-B2SalBAL-PBmiRNA_S8_R1_001	102506.0	81011.0	75006.0	229811.0	57852.0	62366.0	73509.0	53158.0	74077.0	61905.0	57427.0	75536.0	48345.0	44593.0	45908.0	46096.0	47609.0	49273.0	51055.0	67522.0	67604.0	78206.0	86013.0	87012.0	85929.0	91276.0	99022.0	106403.0	111706.0	60954.0	35.0	7.0	11.0	43.0	16.0	3.0	29.0	23129270.0
T025-B1BALRNA-PBmiRNA_S10_R1_001	7605.0	7322.0	8992.0	12164.0	15505.0	16558.0	20351.0	29050.0	60849.0	40256.0	46703.0	103297.0	50164.0	64754.0	57349.0	54158.0	59610.0	66179.0	71655.0	88731.0	94519.0	105313.0	118730.0	132490.0	134820.0	144417.0	152405.0	165209.0	172023.0	89636.0	119.0	92.0	89.0	271.0	143.0	268.0	400.0	26236071.0
T025-B2BCGBAL-PBmiRNA_S14_R1_001	15409.0	12511.0	11238.0	14092.0	17578.0	16137.0	21810.0	31922.0	66707.0	43073.0	54404.0	110364.0	57268.0	72553.0	68524.0	60523.0	68342.0	73498.0	82244.0	113109.0	112320.0	124835.0	147947.0	165801.0	167930.0	176635.0	186567.0	206231.0	216312.0	113825.0	115.0	122.0	120.0	300.0	190.0	327.0	449.0	29529260.0
T025-B2PPDBAL-PBmiRNA1_S12_R1_001	38097.0	41711.0	59300.0	82063.0	107119.0	104959.0	125878.0	191333.0	337531.0	234914.0	265766.0	473639.0	276227.0	318086.0	299484.0	270826.0	288156.0	296051.0	309126.0	386053.0	392357.0	399968.0	441905.0	468850.0	453218.0	465295.0	467475.0	489760.0	498634.0	258314.0	151.0	126.0	171.0	367.0	234.0	405.0	603.0	36546032.0
T025-B2PPDBAL-PLmiRNA2_S13_R1_001	105045.0	121614.0	164638.0	217487.0	267609.0	311353.0	388799.0	457596.0	589864.0	577534.0	624377.0	765852.0	668001.0	692459.0	702176.0	692504.0	701386.0	709817.0	703926.0	762519.0	771588.0	764177.0	787392.0	808185.0	796518.0	804042.0	795564.0	797885.0	788062.0	398013.0	172.0	145.0	169.0	409.0	267.0	438.0	677.0	37633492.0
T025-B2SalBAL-PBmiRNA_S11_R1_001	23119.0	21068.0	18759.0	25815.0	33807.0	29659.0	44030.0	52059.0	118094.0	68424.0	82968.0	212763.0	83586.0	114029.0	85971.0	74868.0	81670.0	85876.0	91844.0	123197.0	122311.0	132195.0	154201.0	174885.0	168399.0	169877.0	173762.0	190201.0	196809.0	104069.0	104.0	103.0	117.0	262.0	166.0	297.0	447.0	26551954.0
T026-B1BALCells-PBmiRNA_S13_R1_001	17252.0	17845.0	25233.0	48569.0	32006.0	36551.0	42238.0	51800.0	73392.0	71217.0	80729.0	112222.0	82902.0	84943.0	88560.0	91013.0	96452.0	99530.0	106454.0	137504.0	137230.0	146560.0	158678.0	164430.0	164195.0	171930.0	180658.0	190983.0	197004.0	107434.0	219.0	103.0	237.0	156.0	212.0	102.0	229.0	26872485.0
T026-B2BCGBAL-PBmiRNA_S17_R1_001	16115.0	14709.0	21800.0	42026.0	24328.0	27096.0	29823.0	35747.0	46109.0	47027.0	51594.0	62383.0	57537.0	57478.0	60448.0	62806.0	66872.0	69378.0	74985.0	96262.0	95710.0	99703.0	105824.0	113321.0	113611.0	119856.0	128350.0	134968.0	137031.0	73855.0	172.0	84.0	187.0	105.0	174.0	78.0	188.0	22154814.0
T026-B2PPDBAL-PBmiRNA1_S15_R1_001	28927.0	28988.0	41663.0	75573.0	45917.0	48925.0	54253.0	67350.0	98791.0	92948.0	103996.0	142029.0	100060.0	101020.0	102038.0	101268.0	108497.0	109240.0	118044.0	158604.0	145885.0	149631.0	158723.0	165834.0	160166.0	170563.0	173847.0	180109.0	184848.0	99919.0	214.0	68.0	242.0	140.0	223.0	117.0	245.0	26642800.0
T026-B2PPDBAL-PLmiRNA2_S16_R1_001	51432.0	59558.0	84737.0	151273.0	116042.0	133487.0	158296.0	186848.0	247338.0	247307.0	272488.0	340282.0	279591.0	286416.0	297501.0	306302.0	323167.0	328558.0	338846.0	393853.0	391420.0	402219.0	419903.0	437409.0	440711.0	457063.0	467513.0	474277.0	480050.0	250652.0	342.0	101.0	312.0	166.0	308.0	150.0	305.0	35817702.0
T026-B2SalBAL-PBmiRNA_S14_R1_001	37106.0	34921.0	32918.0	90629.0	30839.0	34721.0	43846.0	37339.0	53161.0	46168.0	47829.0	67555.0	44968.0	43709.0	44894.0	45894.0	47904.0	50024.0	51655.0	64200.0	66554.0	75152.0	79781.0	84302.0	86025.0	91934.0	96826.0	104497.0	109009.0	59468.0	182.0	59.0	207.0	111.0	226.0	120.0	210.0	22948965.0
T028-B1BAL-PBmiRNA_S23_R1_001	34478.0	33376.0	31233.0	39887.0	46532.0	45087.0	64019.0	73055.0	145020.0	88436.0	97358.0	185889.0	102449.0	141513.0	104364.0	92049.0	96655.0	101830.0	108808.0	136883.0	132877.0	146526.0	161889.0	173554.0	178920.0	189378.0	198485.0	216061.0	221465.0	114893.0	238.0	85.0	226.0	148.0	243.0	103.0	242.0	29151002.0
T028-B2BCGBAL-PBmiRNA_S26_R1_001	89406.0	86139.0	92057.0	118183.0	139891.0	138109.0	170855.0	212009.0	361512.0	237318.0	267115.0	450550.0	261918.0	308696.0	261790.0	247364.0	260437.0	271814.0	282368.0	330484.0	337593.0	361939.0	388981.0	408333.0	412472.0	430659.0	441318.0	463125.0	470046.0	242066.0	271.0	118.0	305.0	173.0	317.0	141.0	298.0	35112610.0
T028-B2PPDBAL-PBmiRNA_S25_R1_001	78819.0	84996.0	101674.0	135361.0	165602.0	165768.0	207326.0	260973.0	431437.0	307889.0	344591.0	582202.0	342390.0	391202.0	338101.0	316177.0	330960.0	334730.0	345319.0	412695.0	408597.0	419287.0	455141.0	491133.0	474672.0	472885.0	475138.0	496261.0	502055.0	257497.0	323.0	120.0	338.0	196.0	352.0	159.0	355.0	37477602.0
T028-B2SalBAL-PBmiRNA_S24_R1_001	32891.0	34965.0	48417.0	65222.0	79070.0	76998.0	90391.0	130800.0	228257.0	144920.0	167350.0	288535.0	158633.0	181252.0	154462.0	138713.0	144693.0	149061.0	160405.0	197561.0	192778.0	210148.0	226832.0	240519.0	240791.0	250199.0	258648.0	274921.0	282627.0	145578.0	269.0	86.0	275.0	166.0	304.0	122.0	266.0	31458551.0
T030-B1BALRNA-PBmiRNA_S5_R1_001	106987.0	114478.0	139946.0	187479.0	231564.0	202330.0	237900.0	327007.0	641663.0	366621.0	422143.0	879230.0	381958.0	462597.0	338073.0	280552.0	291286.0	287951.0	299247.0	371185.0	360922.0	383839.0	410370.0	427661.0	407045.0	409583.0	404321.0	427409.0	430682.0	223810.0	142.0	114.0	146.0	354.0	187.0	408.0	521.0	32131893.0
T031-B1BALRNA-PBmiRNA_S6_R1_001	45699.0	38000.0	41124.0	48821.0	54957.0	55887.0	66040.0	84977.0	137246.0	98007.0	114899.0	168004.0	111291.0	133919.0	127116.0	111602.0	116365.0	123018.0	126207.0	154177.0	156539.0	166521.0	183738.0	193487.0	197407.0	207801.0	216584.0	231887.0	234387.0	119308.0	125.0	91.0	124.0	293.0	180.0	307.0	435.0	27179705.0
T031-B2BCGBAL-PBmiRNA_S9_R1_001	60144.0	58415.0	61772.0	89065.0	114767.0	96066.0	124093.0	174660.0	372385.0	202589.0	250441.0	607830.0	240238.0	313586.0	205709.0	175854.0	187702.0	190914.0	199492.0	262015.0	252894.0	277342.0	301824.0	314659.0	302030.0	303083.0	302514.0	320364.0	328151.0	170540.0	119.0	115.0	139.0	378.0	190.0	323.0	472.0	30602249.0
T031-B2PPDBAL-PBmiRNA_S8_R1_001	49949.0	54110.0	75054.0	97039.0	118922.0	121950.0	142940.0	198180.0	339957.0	226784.0	256121.0	441087.0	250543.0	291575.0	252715.0	243521.0	260039.0	273692.0	288356.0	334441.0	350631.0	370691.0	396165.0	421388.0	418255.0	434909.0	446569.0	462865.0	472055.0	244146.0	145.0	149.0	163.0	369.0	207.0	403.0	605.0	34631975.0
T031-B2SalBAL-PBmiRNA_S7_R1_001	32843.0	30887.0	36229.0	45156.0	53951.0	56269.0	67684.0	85457.0	138898.0	100737.0	110509.0	179211.0	109559.0	125034.0	112654.0	107122.0	115624.0	120255.0	123460.0	146534.0	153219.0	162208.0	175723.0	188130.0	187411.0	195456.0	203157.0	217751.0	220515.0	114322.0	137.0	100.0	129.0	282.0	172.0	324.0	451.0	27368219.0
T032-B1BALRNA-PBmiRNA_S23_R1_001	31690.0	31864.0	42651.0	55043.0	67921.0	65096.0	76847.0	118545.0	240728.0	137990.0	157563.0	318330.0	158529.0	191577.0	147377.0	132259.0	141730.0	145281.0	152934.0	206030.0	196833.0	214881.0	246554.0	258671.0	243504.0	248798.0	250158.0	268524.0	274812.0	145446.0	113.0	123.0	111.0	295.0	168.0	291.0	427.0	27364165.0
T032-B2BCGBAL-PBmiRNA1_S28_R1_001	39516.0	42463.0	58569.0	76471.0	95234.0	93513.0	109892.0	165063.0	293503.0	194362.0	214154.0	392169.0	214732.0	248994.0	215607.0	195106.0	211570.0	216679.0	230848.0	303705.0	293349.0	308250.0	350032.0	371970.0	357017.0	365787.0	372787.0	398634.0	404376.0	211356.0	136.0	149.0	166.0	399.0	200.0	384.0	586.0	34579918.0
T032-B2BCGBAL-PLmiRNA2_S29_R1_001	26228.0	29256.0	42178.0	53549.0	63802.0	75135.0	88616.0	109540.0	140027.0	136937.0	148364.0	176818.0	163715.0	172453.0	182931.0	185683.0	196594.0	207887.0	213252.0	246459.0	254147.0	264144.0	284309.0	306711.0	308321.0	323980.0	336514.0	351178.0	357659.0	184589.0	122.0	131.0	139.0	377.0	220.0	360.0	525.0	32410830.0
T032-B2PPDBAL-PBmiRNA1_S25_R1_001	39393.0	42840.0	55034.0	72150.0	88657.0	86619.0	104538.0	154553.0	288338.0	183654.0	215845.0	406511.0	220285.0	265081.0	231622.0	208907.0	227128.0	237640.0	257312.0	322941.0	322361.0	336450.0	377058.0	412493.0	395022.0	400825.0	404736.0	428959.0	438602.0	225956.0	147.0	139.0	148.0	357.0	211.0	384.0	532.0	33551244.0
T032-B2PPDBAL-PLmiRNA2_S26_R1_001	21189.0	18192.0	18652.0	24491.0	29329.0	32016.0	44016.0	52224.0	84234.0	66999.0	83684.0	132815.0	86231.0	102920.0	102969.0	91373.0	94867.0	102062.0	101402.0	124237.0	127890.0	136527.0	152583.0	162283.0	170747.0	182133.0	189816.0	209198.0	211274.0	108349.0	96.0	103.0	105.0	297.0	151.0	296.0	449.0	26487540.0
T032-B2PPDBAL-PLmiRNA3_S27_R1_001	48562.0	51658.0	69696.0	89530.0	105952.0	98613.0	113552.0	161937.0	297419.0	182560.0	219797.0	438656.0	198384.0	242021.0	194406.0	164774.0	173430.0	176095.0	187012.0	245462.0	236390.0	247658.0	287988.0	325043.0	303790.0	299463.0	297815.0	323079.0	332161.0	173918.0	124.0	125.0	133.0	368.0	208.0	350.0	505.0	32937539.0
T032-B2SalBAL-PBmiRNA_S24_R1_001	34244.0	35238.0	46766.0	66596.0	86452.0	82130.0	102458.0	155501.0	305706.0	187356.0	225391.0	455668.0	227048.0	280362.0	225048.0	195999.0	211594.0	215284.0	229527.0	297891.0	286792.0	312758.0	350098.0	369124.0	354974.0	359691.0	360407.0	386241.0	391705.0	203628.0	127.0	138.0	135.0	344.0	208.0	391.0	538.0	32989050.0
T033-B1BALRNA-PBmiRNA1_S15_R1_001	19803.0	18373.0	23328.0	35207.0	47547.0	37738.0	48565.0	87493.0	219537.0	105154.0	138173.0	355119.0	126467.0	168270.0	113096.0	96104.0	103730.0	107592.0	120665.0	162617.0	156458.0	175342.0	198252.0	216829.0	205952.0	209086.0	210022.0	228611.0	236729.0	124182.0	115.0	114.0	128.0	319.0	192.0	306.0	433.0	29124961.0
T033-B1BALRNA-PLmiRNA2_S16_R1_001	15297.0	17217.0	22742.0	35478.0	51209.0	48309.0	62643.0	89865.0	193212.0	120876.0	131755.0	315462.0	146551.0	204749.0	144098.0	133982.0	147263.0	152722.0	165219.0	201594.0	205334.0	226704.0	248167.0	266942.0	269820.0	278770.0	287621.0	304303.0	315010.0	167211.0	120.0	124.0	127.0	342.0	182.0	319.0	490.0	29425476.0
T033-B2BCGBAL-PBmiRNA1_S20_R1_001	48920.0	52489.0	71230.0	93198.0	113786.0	105830.0	125011.0	171595.0	321928.0	206117.0	227932.0	472739.0	218324.0	263633.0	187532.0	172462.0	180779.0	176516.0	184485.0	246627.0	234711.0	233886.0	267173.0	305458.0	270815.0	259367.0	256866.0	273220.0	281876.0	149588.0	128.0	112.0	118.0	304.0	192.0	312.0	461.0	28578086.0
T033-B2BCGBAL-PLmiRNA2_S21_R1_001	25830.0	28744.0	40104.0	53778.0	67583.0	79032.0	98222.0	121774.0	174594.0	156751.0	176937.0	241346.0	193403.0	209917.0	215136.0	216818.0	231284.0	243132.0	251388.0	285474.0	293904.0	310224.0	330712.0	356113.0	358604.0	371950.0	386670.0	400601.0	407598.0	210545.0	130.0	134.0	111.0	347.0	220.0	371.0	537.0	32474806.0
T033-B2PPDBAL-PBmiRNA1_S18_R1_001	37024.0	37209.0	42233.0	66572.0	89482.0	74207.0	102923.0	149626.0	337788.0	182469.0	231731.0	581340.0	227721.0	303648.0	208818.0	179579.0	195410.0	198171.0	212572.0	278166.0	274227.0	290334.0	321792.0	359174.0	340750.0	335169.0	332929.0	356385.0	369508.0	194324.0	119.0	116.0	139.0	365.0	209.0	359.0	573.0	33572103.0
T033-B2PPDBAL-PLmiRNA2_S19_R1_001	79404.0	112147.0	182392.0	244581.0	304177.0	354022.0	413676.0	492357.0	601517.0	600553.0	627922.0	723715.0	672703.0	701618.0	718227.0	718945.0	745177.0	752580.0	751558.0	822487.0	830184.0	833575.0	855237.0	879626.0	870791.0	898987.0	900128.0	899834.0	892928.0	454642.0	208.0	148.0	194.0	487.0	267.0	480.0	705.0	43019361.0
T033-B2SalBAL-PBmiRNA_S17_R1_001	31235.0	30348.0	38517.0	50244.0	64091.0	57922.0	69351.0	104776.0	211194.0	130350.0	153073.0	344737.0	151070.0	185980.0	146726.0	134798.0	144502.0	149510.0	162653.0	219689.0	212081.0	225678.0	262074.0	300616.0	271150.0	267082.0	270979.0	296791.0	303513.0	158823.0	115.0	135.0	130.0	364.0	219.0	346.0	547.0	32179745.0
T034-B-SingleRNABAL-miRNA_S22_R1_001	30578.0	29940.0	34700.0	44246.0	54993.0	56542.0	72255.0	102227.0	202445.0	130229.0	136786.0	260848.0	149480.0	181404.0	143440.0	137906.0	150393.0	157345.0	163355.0	200099.0	205185.0	214072.0	232497.0	252668.0	243427.0	250474.0	257856.0	269674.0	277897.0	147035.0	131.0	128.0	116.0	331.0	199.0	315.0	478.0	28594917.0
T035-B1BALRNA-PBmiRNA_S6_R1_001	51266.0	44798.0	46908.0	57001.0	65671.0	69831.0	88459.0	98529.0	153676.0	123149.0	133445.0	194660.0	141483.0	173106.0	152292.0	141131.0	147990.0	154736.0	150198.0	180496.0	178129.0	186905.0	204994.0	214973.0	217099.0	225807.0	234638.0	254281.0	251249.0	128085.0	61.0	274.0	128.0	24.0	15.0	3.0	25.0	25636276.0
T035-B2BCGBAL-PBmiRNA_S3_R1_001	55636.0	68317.0	104080.0	142929.0	184936.0	222606.0	272458.0	323740.0	399899.0	415068.0	447046.0	511441.0	505675.0	538451.0	563786.0	587439.0	622868.0	647966.0	660328.0	720674.0	744456.0	768090.0	804601.0	835620.0	850575.0	878499.0	895420.0	906815.0	904317.0	461311.0	613.0	1277.0	786.0	1073.0	400.0	1745.0	1002.0	42472843.0
T035-B2PPDBAL-PBmiRNA_S2_R1_001	32497.0	28427.0	32082.0	38689.0	43969.0	43643.0	52607.0	60329.0	99382.0	69884.0	77756.0	130503.0	76884.0	94007.0	76451.0	70932.0	73214.0	76444.0	78378.0	97243.0	92351.0	98429.0	109724.0	117766.0	115067.0	119053.0	122661.0	134511.0	135529.0	70098.0	289.0	640.0	391.0	513.0	225.0	869.0	501.0	22442223.0
T035-B2SalBAL-PBmiRNA_S1_R1_001	38373.0	35540.0	41972.0	50710.0	56158.0	59828.0	68131.0	72323.0	84847.0	81775.0	83265.0	92238.0	79015.0	81196.0	83287.0	78794.0	80417.0	83531.0	79249.0	90700.0	92979.0	96054.0	104740.0	109055.0	113236.0	122106.0	130876.0	144150.0	143315.0	73586.0	315.0	682.0	440.0	554.0	217.0	918.0	545.0	24240857.0
T036-B1BALRNA-PBmiRNA_S7_R1_001	20159.0	17129.0	17353.0	20452.0	23274.0	23285.0	29389.0	39972.0	74626.0	49052.0	59329.0	109092.0	62279.0	78483.0	72047.0	67850.0	75507.0	80948.0	89958.0	129144.0	118830.0	130950.0	158705.0	177301.0	171434.0	174155.0	181090.0	198726.0	206518.0	108726.0	64.0	315.0	153.0	24.0	11.0	1.0	30.0	26940933.0
T036-B2S1BAL-PBmiRNA1_S1_R1_001	12243.0	10139.0	11819.0	13271.0	14938.0	16882.0	19880.0	25572.0	39975.0	35692.0	40583.0	62048.0	44727.0	53122.0	55889.0	54706.0	62912.0	69178.0	72804.0	99922.0	99680.0	109967.0	133046.0	153236.0	151075.0	159847.0	173856.0	198149.0	204745.0	107547.0	65.0	315.0	176.0	32.0	7.0	1.0	36.0	30221941.0
T036-B2S2BAL-PBmiRNA2_S8_R1_001	21415.0	16594.0	15819.0	18356.0	20239.0	21848.0	28114.0	35193.0	60055.0	47281.0	57228.0	86451.0	59194.0	76434.0	78155.0	69199.0	77168.0	83137.0	83330.0	112543.0	112274.0	123256.0	142955.0	156579.0	163026.0	176474.0	191215.0	214598.0	218849.0	111030.0	48.0	258.0	117.0	21.0	14.0	3.0	29.0	25133220.0
T036-B2S3BAL-PBmiRNA3_S9_R1_001	20636.0	20774.0	27958.0	35625.0	42880.0	47285.0	55926.0	72929.0	116156.0	87936.0	96595.0	149228.0	98289.0	108877.0	102232.0	100719.0	108099.0	114423.0	118739.0	140747.0	147773.0	158414.0	173411.0	187935.0	191751.0	203766.0	214752.0	229951.0	236328.0	124836.0	64.0	323.0	143.0	33.0	11.0	3.0	32.0	27812120.0
T038-B1BALRNA-PBmiRNA_S25_R1_001	39677.0	37988.0	45319.0	55648.0	64335.0	58392.0	65961.0	86080.0	161168.0	99238.0	115831.0	233941.0	105597.0	128829.0	98178.0	88201.0	94648.0	100377.0	106743.0	133628.0	132008.0	146712.0	163659.0	178842.0	175130.0	183479.0	188784.0	202031.0	207184.0	107904.0	64.0	273.0	121.0	19.0	9.0	2.0	22.0	24640516.0
T038-B2BCGBAL-PLmiRNA_S28_R1_001	41581.0	36504.0	40138.0	52101.0	62316.0	52914.0	68166.0	95910.0	211522.0	109205.0	126977.0	281987.0	126026.0	177703.0	103121.0	83371.0	87333.0	87173.0	87601.0	114698.0	103473.0	110687.0	126531.0	132851.0	123886.0	120665.0	113211.0	122603.0	122883.0	64518.0	28.0	201.0	102.0	15.0	8.0	4.0	16.0	18902159.0
T038-B2PPDBAL-PBmiRNA_S27_R1_001	27843.0	26928.0	30279.0	39409.0	47282.0	44171.0	55458.0	75172.0	148179.0	90957.0	108215.0	211655.0	111245.0	139056.0	108646.0	102896.0	111920.0	119220.0	128956.0	151961.0	154950.0	168113.0	183604.0	197781.0	197930.0	207553.0	211295.0	221970.0	228755.0	119739.0	51.0	263.0	150.0	30.0	10.0	2.0	22.0	25250979.0
T038-B2SalBAL-PBmiRNA_S26_R1_001	28827.0	30112.0	39364.0	53565.0	66380.0	75411.0	93059.0	110480.0	152213.0	140386.0	153738.0	205241.0	170228.0	188095.0	186142.0	189887.0	200605.0	212483.0	213307.0	238407.0	250166.0	262408.0	279623.0	293072.0	306200.0	323746.0	334586.0	351336.0	353931.0	182204.0	73.0	290.0	159.0	26.0	14.0	4.0	25.0	28165099.0
T039-B1BALRNA-PBmiRNA_S10_R1_001	18813.0	13668.0	16723.0	20887.0	25988.0	25234.0	31043.0	47726.0	100069.0	61283.0	71639.0	153912.0	70360.0	86661.0	69902.0	64726.0	71048.0	76807.0	82211.0	107920.0	109567.0	123797.0	135753.0	148173.0	149470.0	161621.0	167680.0	183281.0	189599.0	100034.0	47.0	270.0	109.0	30.0	10.0	6.0	23.0	24664929.0
T039-B2BCGBAL-PBmiRNA1_S14_R1_001	10990.0	11030.0	14328.0	17428.0	21736.0	23181.0	28003.0	42323.0	80891.0	56835.0	63986.0	119967.0	70540.0	83944.0	78967.0	76558.0	86449.0	92933.0	102558.0	131653.0	138118.0	147935.0	168281.0	190263.0	187159.0	193493.0	202196.0	217154.0	225103.0	117726.0	49.0	285.0	162.0	29.0	15.0	2.0	26.0	26450707.0
T039-B2BCGBAL-PLmiRNA2_S15_R1_001	37509.0	37793.0	60442.0	97344.0	135989.0	173739.0	223816.0	262476.0	311216.0	341701.0	366553.0	405404.0	426494.0	451596.0	476389.0	495986.0	520647.0	535416.0	543541.0	582881.0	599884.0	615147.0	631934.0	653330.0	668320.0	686412.0	700907.0	703063.0	703515.0	357824.0	76.0	383.0	187.0	28.0	18.0	2.0	32.0	31187588.0
T039-B2PPDBAL-PBmiRNA1_S12_R1_001	18888.0	19200.0	26775.0	33595.0	41803.0	46032.0	55313.0	79464.0	140347.0	98727.0	116257.0	200237.0	124515.0	144862.0	137469.0	136571.0	148898.0	160533.0	172254.0	213883.0	219101.0	234110.0	260207.0	286426.0	287762.0	307670.0	318791.0	337785.0	347878.0	184566.0	73.0	370.0	203.0	36.0	12.0	5.0	29.0	32411485.0
T039-B2PPDBAL-PLmiRNA2_S13_R1_001	37628.0	48964.0	77730.0	105202.0	134099.0	165012.0	200587.0	248721.0	308745.0	325181.0	350685.0	399601.0	399996.0	424210.0	445971.0	460395.0	488583.0	499289.0	504959.0	552586.0	564706.0	574439.0	592335.0	615913.0	616495.0	635809.0	643074.0	643558.0	642197.0	327519.0	97.0	495.0	260.0	41.0	22.0	7.0	47.0	41136804.0
T039-B2SalBAL-PBmiRNA_S11_R1_001	17967.0	18320.0	24945.0	30056.0	37486.0	42155.0	50634.0	69968.0	110385.0	92026.0	101954.0	157213.0	111923.0	126000.0	126612.0	127109.0	139421.0	150248.0	160136.0	190802.0	203631.0	219276.0	236544.0	263019.0	263102.0	283197.0	296390.0	313468.0	323768.0	171967.0	74.0	341.0	200.0	34.0	10.0	4.0	27.0	31315560.0
T041-B1BALRNA-PBmiRNA_S22_R1_001	25317.0	25805.0	35813.0	45564.0	55212.0	60686.0	71252.0	87841.0	128737.0	108327.0	115718.0	168880.0	118331.0	128147.0	121586.0	120155.0	127829.0	135355.0	137112.0	162033.0	167179.0	173913.0	190257.0	203489.0	201623.0	214481.0	221653.0	235233.0	240150.0	125563.0	328.0	774.0	475.0	649.0	272.0	1043.0	588.0	27550006.0
T041-B2BCGBAL-PBmiRNA_S26_R1_001	37037.0	32155.0	34774.0	41597.0	48877.0	44280.0	56818.0	68250.0	134832.0	85142.0	96735.0	218017.0	91663.0	110146.0	78583.0	74910.0	80109.0	78748.0	83634.0	122220.0	108813.0	110292.0	138464.0	173033.0	132453.0	124721.0	126721.0	140376.0	141023.0	76626.0	281.0	619.0	382.0	530.0	214.0	848.0	510.0	23563983.0
T041-B2PPDBAL-PBmiRNA1_S24_R1_001	41972.0	37895.0	41811.0	54084.0	70319.0	66539.0	89549.0	119282.0	243041.0	156867.0	176137.0	382942.0	181150.0	227760.0	173665.0	169491.0	184287.0	190183.0	200418.0	248891.0	247787.0	246998.0	269212.0	305680.0	285254.0	293694.0	297024.0	307452.0	317972.0	167110.0	329.0	727.0	473.0	583.0	244.0	1001.0	597.0	26091541.0
T041-B2PPDBAL-PLmiRNA2_S25_R1_001	29266.0	38275.0	63429.0	85055.0	108503.0	132972.0	161987.0	202594.0	246810.0	278029.0	304736.0	339506.0	368863.0	396021.0	426727.0	445436.0	479001.0	498152.0	515194.0	581646.0	581223.0	591161.0	616075.0	645299.0	648441.0	676434.0	693548.0	690086.0	692394.0	354023.0	517.0	1172.0	667.0	931.0	408.0	1575.0	888.0	38119503.0
T041-B2SalBAL-PBmiRNA_S23_R1_001	30268.0	35084.0	51823.0	70035.0	90738.0	111843.0	138667.0	174338.0	227278.0	235751.0	254332.0	313438.0	294424.0	314530.0	329281.0	342773.0	366781.0	384008.0	397274.0	443447.0	463720.0	482953.0	512798.0	549825.0	551281.0	578123.0	594676.0	610387.0	614798.0	316395.0	487.0	1106.0	690.0	864.0	373.0	1444.0	826.0	36440654.0
T042-B1BALRNA-PBmiRNA_S6_R1_001	23424.0	22191.0	26687.0	37719.0	48803.0	41271.0	51762.0	80157.0	192442.0	101418.0	119359.0	295580.0	121779.0	172488.0	106987.0	98005.0	105666.0	110253.0	118266.0	164665.0	150316.0	165145.0	193427.0	209543.0	193098.0	192223.0	192519.0	209426.0	217257.0	116504.0	349.0	794.0	494.0	629.0	281.0	1029.0	619.0	27360292.0
T042-B2BCGBAL-PBmiRNA_S11_R1_001	42671.0	49060.0	67386.0	84537.0	104998.0	119940.0	144062.0	181364.0	253086.0	239738.0	254706.0	333641.0	285733.0	311017.0	311706.0	322247.0	346206.0	363616.0	377330.0	432139.0	443036.0	454970.0	485380.0	517481.0	517167.0	535878.0	549925.0	563354.0	573232.0	295195.0	507.0	1166.0	696.0	877.0	384.0	1461.0	836.0	37471200.0
T042-B2PPDBAL-PBmiRNA1_S9_R1_001	21021.0	22231.0	30609.0	43033.0	56082.0	56915.0	70307.0	102686.0	197954.0	132051.0	149205.0	280189.0	155311.0	188201.0	159916.0	157525.0	171304.0	181264.0	191224.0	221543.0	231920.0	245490.0	263092.0	285496.0	288185.0	306214.0	316547.0	328481.0	339641.0	177189.0	367.0	853.0	518.0	666.0	315.0	1114.0	602.0	29415003.0
T042-B2PPDBAL-PLmiRNA2_S10_R1_001	13143.0	12983.0	14057.0	19715.0	24768.0	28519.0	39643.0	46613.0	71957.0	65006.0	76301.0	112755.0	92325.0	105525.0	111580.0	116381.0	128422.0	142993.0	150609.0	176424.0	189899.0	201907.0	219214.0	236582.0	252204.0	271210.0	286825.0	302382.0	311896.0	164558.0	386.0	910.0	525.0	746.0	318.0	1209.0	713.0	31777900.0
T042-B2SalBAL-PBmiRNA1_S7_R1_001	25278.0	28316.0	40443.0	51776.0	65864.0	80775.0	100298.0	123777.0	156990.0	167413.0	183437.0	218905.0	213696.0	225815.0	241639.0	249487.0	269410.0	282594.0	296313.0	338815.0	351718.0	364265.0	386350.0	421734.0	422429.0	443148.0	460577.0	474696.0	481833.0	250740.0	452.0	1046.0	587.0	801.0	322.0	1309.0	742.0	32662053.0
T042-B2SalBAL-PLmiRNA2_S8_R1_001	25648.0	26863.0	36271.0	50442.0	66008.0	77748.0	98882.0	120978.0	170111.0	157082.0	175489.0	236528.0	196220.0	213586.0	216501.0	219177.0	229644.0	242239.0	245068.0	276423.0	282517.0	292227.0	311057.0	323747.0	329520.0	339085.0	347464.0	360056.0	362141.0	188026.0	368.0	838.0	533.0	582.0	264.0	1053.0	606.0	27117342.0
T045-B1BALRNA-PBmiRNA_S16_R1_001	29400.0	29142.0	36137.0	46688.0	57615.0	56254.0	66099.0	89443.0	164056.0	105811.0	121150.0	227886.0	119281.0	143414.0	120146.0	116232.0	126294.0	134806.0	144292.0	170126.0	179145.0	195417.0	211252.0	226551.0	231217.0	245159.0	253147.0	266710.0	275752.0	144218.0	54.0	248.0	151.0	23.0	16.0	3.0	17.0	24408406.0
T046-B1BALRNA-PBmiRNA_S17_R1_001	24518.0	21971.0	25226.0	34232.0	45138.0	37871.0	47202.0	70611.0	166668.0	85614.0	99901.0	236730.0	100093.0	140534.0	93377.0	82488.0	87824.0	92969.0	100576.0	130416.0	125436.0	139115.0	156800.0	172467.0	161784.0	166019.0	170194.0	182225.0	187289.0	98879.0	69.0	262.0	138.0	25.0	15.0	5.0	19.0	24257326.0
T047-B1BALRNA-PBmiRNA_S18_R1_001	25049.0	20849.0	21385.0	27710.0	33070.0	29853.0	38205.0	49451.0	100172.0	60458.0	72500.0	150459.0	73115.0	95496.0	71279.0	62708.0	67107.0	70962.0	73854.0	93566.0	92699.0	102671.0	113294.0	122908.0	120592.0	127093.0	132522.0	143271.0	145812.0	75601.0	46.0	238.0	138.0	14.0	16.0	2.0	18.0	22846472.0
T047-B2BCGBAL-PBmiRNA_S21_R1_001	27699.0	22971.0	24224.0	30450.0	34399.0	37968.0	46039.0	50129.0	70688.0	62217.0	66384.0	82510.0	68688.0	78969.0	76471.0	72340.0	74860.0	79137.0	77101.0	88742.0	91156.0	94888.0	102982.0	107841.0	112363.0	119762.0	125888.0	136532.0	136587.0	70192.0	50.0	220.0	117.0	16.0	11.0	2.0	18.0	21581878.0
T047-B2PPDBAL-PBmiRNA1_S19_R1_001	17228.0	15188.0	17089.0	22222.0	28545.0	30153.0	35709.0	52414.0	93469.0	66904.0	76219.0	126852.0	86047.0	98392.0	97490.0	94091.0	103310.0	111768.0	119381.0	148233.0	150248.0	159228.0	179812.0	197552.0	196573.0	207932.0	216272.0	231207.0	239181.0	126167.0	80.0	283.0	147.0	24.0	9.0	2.0	26.0	25745264.0
T047-B2PPDBAL-PLmiRNA2_S20_R1_001	26223.0	27806.0	37070.0	52081.0	68367.0	79326.0	101451.0	128476.0	190930.0	165473.0	186965.0	265144.0	207369.0	225416.0	228125.0	227883.0	240946.0	255776.0	259901.0	291634.0	305038.0	315599.0	333901.0	349730.0	357203.0	373551.0	379825.0	390771.0	392593.0	201910.0	60.0	320.0	150.0	28.0	14.0	3.0	24.0	26759388.0
T047-B2SalBAL-PBmiRNA1_S3_R1_001	60227.0	48833.0	46812.0	54245.0	57325.0	54306.0	73141.0	73987.0	122209.0	90644.0	111351.0	185415.0	109099.0	130227.0	106272.0	96824.0	96875.0	98524.0	99491.0	126080.0	114036.0	117352.0	132906.0	143965.0	134907.0	136033.0	133455.0	147598.0	143913.0	74570.0	53.0	284.0	139.0	23.0	5.0	1.0	26.0	24314396.0
T047-B2SalBAL-PLmiRNA2_S4_R1_001	114846.0	80334.0	59464.0	67664.0	72157.0	73149.0	119722.0	85263.0	109201.0	96943.0	105616.0	117610.0	106409.0	126809.0	135610.0	118138.0	122541.0	131699.0	118397.0	148842.0	142398.0	140682.0	164569.0	166891.0	171109.0	178770.0	189051.0	216557.0	197243.0	98303.0	55.0	274.0	145.0	21.0	6.0	2.0	25.0	24920147.0
T048-B1BALRNA-PBmiRNA_S22_R1_001	26726.0	24878.0	30189.0	39542.0	48760.0	47482.0	57251.0	73143.0	130658.0	88009.0	101895.0	190797.0	96230.0	113674.0	95497.0	90962.0	94560.0	101093.0	105732.0	128569.0	128327.0	139721.0	154450.0	168351.0	162975.0	169465.0	175215.0	187951.0	191770.0	101045.0	50.0	296.0	157.0	29.0	11.0	0.0	20.0	26627887.0
T048-B2BCGBAL-PBmiRNA_S24_R1_001	50829.0	56986.0	79284.0	109252.0	140308.0	135851.0	159158.0	211866.0	373081.0	254817.0	282572.0	518901.0	272656.0	319751.0	260547.0	245666.0	257363.0	265002.0	277697.0	326859.0	332250.0	354686.0	384623.0	407725.0	399546.0	410993.0	418106.0	438119.0	444503.0	231944.0	91.0	394.0	203.0	29.0	12.0	2.0	24.0	33660597.0
T048-B2PPDBAL-PBmiRNA_S23_R1_001	32884.0	34868.0	46633.0	57451.0	66619.0	70988.0	82594.0	101957.0	149320.0	123688.0	133894.0	190108.0	139311.0	153154.0	149839.0	149792.0	158223.0	168393.0	177122.0	208023.0	213256.0	225741.0	244822.0	268235.0	268079.0	284320.0	294016.0	309787.0	315905.0	166008.0	63.0	355.0	168.0	28.0	17.0	2.0	34.0	30434852.0
T048-B2SalBAL-PBmiRNA_S5_R1_001	36696.0	29495.0	22995.0	28108.0	32850.0	35250.0	54940.0	51581.0	79867.0	67783.0	77840.0	117117.0	84398.0	107735.0	106301.0	93878.0	99001.0	105968.0	107302.0	135301.0	131137.0	139849.0	155694.0	167446.0	173148.0	182488.0	193717.0	213362.0	213799.0	107547.0	51.0	294.0	136.0	27.0	13.0	3.0	26.0	26952404.0
T049-B1BALRNA-PBmiRNA_S2_R1_001	77036.0	57543.0	44658.0	54019.0	60853.0	58969.0	86817.0	87532.0	165344.0	111110.0	126573.0	263209.0	122428.0	167336.0	121853.0	121498.0	130792.0	163316.0	133562.0	177786.0	160878.0	177152.0	184196.0	201293.0	213117.0	205866.0	204748.0	234601.0	210019.0	107788.0	52.0	266.0	160.0	28.0	12.0	4.0	18.0	24792249.0
T050-B1BALRNA-PBmiRNA1_S27_R1_001	15232.0	16909.0	28147.0	32477.0	44127.0	56746.0	73023.0	97268.0	123903.0	153557.0	175976.0	207049.0	235790.0	247118.0	277319.0	286234.0	311270.0	328286.0	351309.0	415277.0	412031.0	420599.0	441664.0	488283.0	472285.0	488795.0	508150.0	521184.0	521017.0	268393.0	427.0	1058.0	584.0	821.0	335.0	1370.0	710.0	34423123.0
T050-B1BALRNA-PLmiRNA2_S28_R1_001	19372.0	20458.0	30291.0	39032.0	48817.0	59626.0	72203.0	89262.0	109976.0	118211.0	128382.0	144959.0	148392.0	156994.0	169653.0	173303.0	184847.0	195167.0	202737.0	224128.0	238644.0	248087.0	264140.0	280141.0	289968.0	306692.0	320012.0	331437.0	336831.0	175887.0	362.0	843.0	542.0	688.0	312.0	1135.0	633.0	29021339.0
T051-B1BALRNA-PBmiRNA_S12_R1_001	44310.0	48398.0	64911.0	89284.0	110827.0	99180.0	115418.0	170065.0	334816.0	214079.0	233647.0	490643.0	235697.0	283197.0	213315.0	190255.0	201891.0	200913.0	215463.0	299785.0	275148.0	288501.0	350957.0	368043.0	333165.0	332245.0	334244.0	362070.0	367099.0	195421.0	380.0	899.0	533.0	727.0	274.0	1218.0	707.0	31217043.0
T051-B2BCGBAL-PBmiRNA_S16_R1_001	20876.0	21306.0	27611.0	35131.0	43095.0	51864.0	64589.0	76831.0	100764.0	101248.0	113716.0	140145.0	129065.0	138312.0	146467.0	154032.0	165582.0	179109.0	189402.0	219431.0	229930.0	241772.0	266474.0	289976.0	293249.0	307176.0	322546.0	337803.0	346794.0	180427.0	407.0	943.0	511.0	716.0	298.0	1248.0	717.0	31025227.0
T051-B2PPDBAL-PBmiRNA1_S14_R1_001	19757.0	19310.0	22983.0	31661.0	42165.0	45831.0	60050.0	82692.0	147005.0	112427.0	130410.0	227116.0	145759.0	171775.0	163587.0	165377.0	180527.0	194167.0	211414.0	252867.0	257861.0	273091.0	302666.0	330976.0	326243.0	344811.0	356755.0	373932.0	385672.0	203250.0	416.0	962.0	591.0	715.0	306.0	1213.0	723.0	32158859.0
T051-B2PPDBAL-PLmiRNA2_S15_R1_001	38088.0	46597.0	71671.0	99857.0	128002.0	154083.0	187169.0	225015.0	284104.0	283902.0	305625.0	363919.0	328743.0	348113.0	357421.0	362839.0	379282.0	393225.0	398338.0	437414.0	452112.0	465866.0	489104.0	518330.0	524618.0	549888.0	559570.0	572790.0	580106.0	299657.0	437.0	1105.0	628.0	830.0	353.0	1343.0	756.0	34616620.0
T051-B2SalBAL-PBmiRNA_S13_R1_001	16233.0	15204.0	17746.0	19471.0	22889.0	29060.0	37747.0	45228.0	57968.0	65841.0	75325.0	90529.0	97634.0	103596.0	117163.0	125142.0	140077.0	154387.0	169694.0	199851.0	213143.0	226484.0	250899.0	282375.0	281973.0	296250.0	312910.0	329185.0	340629.0	178243.0	457.0	1028.0	626.0	792.0	326.0	1332.0	738.0	33982126.0
T052-BALRNA-PBmiRNA1_S4_R1_001	34352.0	37872.0	50860.0	66214.0	88628.0	99206.0	123224.0	169694.0	273097.0	240620.0	254579.0	392894.0	296790.0	316745.0	296566.0	300055.0	319104.0	328170.0	342566.0	408980.0	409530.0	419578.0	452121.0	511116.0	470006.0	486246.0	491502.0	515136.0	513332.0	267000.0	432.0	1027.0	612.0	826.0	367.0	1356.0	794.0	34971051.0
T052-BALRNA-PLmiRNA2_S5_R1_001	23209.0	28306.0	43318.0	66535.0	92498.0	100758.0	129467.0	179575.0	318258.0	239105.0	249676.0	401971.0	289007.0	360124.0	308882.0	309797.0	333271.0	346446.0	360003.0	404731.0	419335.0	442808.0	471334.0	495626.0	508785.0	532863.0	541916.0	560658.0	571186.0	294590.0	451.0	1062.0	598.0	774.0	335.0	1277.0	714.0	31602432.0
T053-B1BALRNA-PBmiRNA_S29_R1_001	15475.0	17759.0	25180.0	35598.0	47200.0	52464.0	65561.0	87443.0	156739.0	121384.0	132386.0	232297.0	147756.0	174729.0	155275.0	154114.0	167455.0	176465.0	185396.0	215432.0	224486.0	237817.0	256943.0	273931.0	275717.0	289086.0	297605.0	310116.0	315224.0	164250.0	56.0	286.0	160.0	21.0	18.0	2.0	28.0	26036092.0
T054-B1BALRNA-PBmiRNA_S17_R1_001	23451.0	25996.0	35960.0	47141.0	61798.0	69492.0	86883.0	119986.0	203321.0	163676.0	176268.0	279266.0	199983.0	227682.0	211607.0	211727.0	230887.0	244312.0	258066.0	300017.0	313105.0	326480.0	350963.0	377629.0	377088.0	397040.0	409838.0	426001.0	436947.0	227606.0	398.0	1019.0	569.0	753.0	314.0	1365.0	748.0	32921743.0
T054-B2BCGBAL-PBmiRNA_S21_R1_001	29189.0	27467.0	36917.0	43172.0	54379.0	60210.0	74157.0	100841.0	163152.0	143243.0	153401.0	232843.0	173062.0	192809.0	188284.0	190784.0	209817.0	221377.0	235498.0	282193.0	284442.0	290937.0	320270.0	351891.0	336420.0	343575.0	355395.0	367714.0	374879.0	195265.0	425.0	922.0	588.0	766.0	318.0	1273.0	751.0	32281148.0
T054-B2PPDBAL-PBmiRNA1_S19_R1_001	23992.0	27098.0	38733.0	51864.0	68118.0	77292.0	95530.0	127137.0	202159.0	167332.0	183989.0	276179.0	203320.0	231894.0	224158.0	228257.0	246939.0	260303.0	274035.0	312058.0	327155.0	341685.0	367285.0	396553.0	401102.0	426023.0	438840.0	456093.0	466190.0	243764.0	427.0	1010.0	615.0	803.0	351.0	1336.0	780.0	34115936.0
T054-B2PPDBAL-PLmiRNA2_S20_R1_001	24226.0	26721.0	38631.0	49106.0	62253.0	74256.0	91211.0	109717.0	142350.0	144650.0	157917.0	188287.0	174748.0	185250.0	194496.0	199141.0	210426.0	219855.0	225756.0	256876.0	266043.0	273023.0	295825.0	318549.0	319949.0	333765.0	344915.0	357482.0	365671.0	191261.0	416.0	984.0	605.0	785.0	306.0	1258.0	761.0	33770337.0
T054-B2SalBAL-PBmiRNA_S18_R1_001	23589.0	24589.0	31949.0	42363.0	51313.0	59383.0	74156.0	84457.0	106875.0	105593.0	117969.0	141971.0	130910.0	142056.0	147992.0	153867.0	161483.0	174643.0	177956.0	199530.0	208621.0	217694.0	233892.0	245892.0	256143.0	269811.0	282088.0	297034.0	299700.0	156939.0	336.0	800.0	482.0	633.0	251.0	1018.0	546.0	26750908.0
