	14.0	15.0	16.0	17.0	18.0	19.0	20.0	21.0	22.0	23.0	24.0	25.0	26.0	27.0	28.0	29.0	30.0	31.0	32.0	33.0	34.0	35.0
T004-B1BALCells-PB-miRNA_S1_R1_001	5.0	45.0	206.0	533.0	1143.0	3562.0	12089.0	28366.0	48259.0	68244.0	95107.0	135020.0	196440.0	277314.0	379056.0	500511.0	653181.0	868749.0	1248713.0	2083495.0	5209766.0	14174551.0
	14.0	15.0	16.0	17.0	18.0	19.0	20.0	21.0	22.0	23.0	24.0	25.0	26.0	27.0	28.0	29.0	30.0	31.0	32.0	33.0	34.0	35.0
T004-B2BCGBAL-PB-miRNA_S11_R1_001	4.0	70.0	357.0	940.0	1711.0	5144.0	18031.0	43623.0	76488.0	111697.0	162528.0	237147.0	345598.0	490785.0	668735.0	884808.0	1155594.0	1533852.0	2171575.0	3575151.0	8976685.0	30355714.0
	14.0	15.0	16.0	17.0	18.0	19.0	20.0	21.0	22.0	23.0	24.0	25.0	26.0	27.0	28.0	29.0	30.0	31.0	32.0	33.0	34.0	35.0
T004-B2PPDBAL-PB-miRNA_S10_R1_001	2.0	34.0	137.0	327.0	763.0	2872.0	11196.0	27931.0	48099.0	72991.0	108169.0	157695.0	226646.0	317335.0	427255.0	558492.0	719436.0	949345.0	1338705.0	2181972.0	5116730.0	12462974.0
	14.0	15.0	16.0	17.0	18.0	19.0	20.0	21.0	22.0	23.0	24.0	25.0	26.0	27.0	28.0	29.0	30.0	31.0	32.0	33.0	34.0	35.0
T004-B2SalBAL-PB-miRNA_S9_R1_001	1.0	26.0	153.0	405.0	835.0	2321.0	6919.0	15441.0	26066.0	41373.0	64247.0	99613.0	150426.0	220027.0	304966.0	409910.0	543042.0	734912.0	1071031.0	1809124.0	4582729.0	12019696.0
	15.0	16.0	17.0	18.0	19.0	20.0	21.0	22.0	23.0	24.0	25.0	26.0	27.0	28.0	29.0	30.0	31.0	32.0	33.0	34.0	35.0
T006-B1BALCells-PBmiRNA_S2_R1_001	42.0	178.0	522.0	874.0	2844.0	9484.0	18872.0	31198.0	48393.0	76099.0	116887.0	175946.0	255645.0	351595.0	468902.0	620264.0	842952.0	1231976.0	2096470.0	5293354.0	13583632.0
	14.0	15.0	16.0	17.0	18.0	19.0	20.0	21.0	22.0	23.0	24.0	25.0	26.0	27.0	28.0	29.0	30.0	31.0	32.0	33.0	34.0	35.0
T006-B2BCGBAL-PBmiRNA_S13_R1_001	1.0	15.0	125.0	384.0	758.0	2355.0	7598.0	18327.0	32751.0	49761.0	75116.0	115358.0	178369.0	260436.0	366314.0	494479.0	659384.0	898934.0	1315498.0	2246150.0	5705149.0	15504076.0
	14.0	15.0	16.0	17.0	18.0	19.0	20.0	21.0	22.0	23.0	24.0	25.0	26.0	27.0	28.0	29.0	30.0	31.0	32.0	33.0	34.0	35.0
T006-B2PPDBAL-PLmiRNA_S15_R1_001	1.0	29.0	156.0	417.0	1009.0	4170.0	15375.0	36759.0	61512.0	87947.0	125025.0	183442.0	270020.0	385942.0	531705.0	707142.0	929577.0	1243910.0	1778687.0	2952725.0	7667555.0	23632859.0
	14.0	15.0	16.0	17.0	18.0	19.0	20.0	21.0	22.0	23.0	24.0	25.0	26.0	27.0	28.0	29.0	30.0	31.0	32.0	33.0	34.0	35.0
T006-B2SalBAL-PBmiRNA_S12_R1_001	2.0	34.0	187.0	420.0	841.0	2144.0	6730.0	15984.0	28871.0	46264.0	73203.0	114204.0	174060.0	252576.0	351618.0	467359.0	614264.0	824238.0	1192609.0	2008430.0	4930481.0	13953689.0
	14.0	15.0	16.0	17.0	18.0	19.0	20.0	21.0	22.0	23.0	24.0	25.0	26.0	27.0	28.0	29.0	30.0	31.0	32.0	33.0	34.0	35.0
T006-B2TSTBAL-PBmiRNA_S14_R1_001	1.0	76.0	310.0	748.0	1421.0	4328.0	14599.0	34670.0	59222.0	84784.0	118752.0	174078.0	257777.0	369279.0	512746.0	681718.0	894840.0	1198149.0	1711442.0	2847488.0	7284342.0	23755235.0
	14.0	15.0	16.0	17.0	18.0	19.0	20.0	21.0	22.0	23.0	24.0	25.0	26.0	27.0	28.0	29.0	30.0	31.0	32.0	33.0	34.0	35.0
T007-B1BALCells-PBmiRNA1_S26_R1_001	3.0	46.0	194.0	535.0	1096.0	3275.0	11346.0	25862.0	44909.0	69369.0	106523.0	163734.0	245046.0	355386.0	489253.0	650827.0	854292.0	1141930.0	1629308.0	2713620.0	6849430.0	20874072.0
	14.0	15.0	16.0	17.0	18.0	19.0	20.0	21.0	22.0	23.0	24.0	25.0	26.0	27.0	28.0	29.0	30.0	31.0	32.0	33.0	34.0	35.0
T007-B1BALCells-PLmiRNA2_S27_R1_001	1.0	22.0	161.0	422.0	784.0	2049.0	6047.0	13652.0	24758.0	41537.0	68628.0	109465.0	170013.0	250565.0	350973.0	474875.0	632746.0	864271.0	1268048.0	2156979.0	5354283.0	13736970.0
	15.0	16.0	17.0	18.0	19.0	20.0	21.0	22.0	23.0	24.0	25.0	26.0	27.0	28.0	29.0	30.0	31.0	32.0	33.0	34.0	35.0
T007-B2BCGBAL-PBmiRNA1_S2_R1_001	10.0	84.0	233.0	532.0	1471.0	4773.0	11926.0	23488.0	42702.0	76334.0	132534.0	217373.0	337928.0	495553.0	687100.0	934069.0	1287835.0	1877277.0	3110228.0	6837526.0	12081355.0
	14.0	15.0	16.0	17.0	18.0	19.0	20.0	21.0	22.0	23.0	24.0	25.0	26.0	27.0	28.0	29.0	30.0	31.0	32.0	33.0	34.0	35.0
T007-B2BCGBAL-PLmiRNA2_S3_R1_001	1.0	15.0	77.0	300.0	669.0	1785.0	5526.0	12660.0	24401.0	43832.0	77083.0	132837.0	217975.0	337228.0	491928.0	682850.0	930396.0	1284256.0	1882449.0	3134597.0	7014834.0	12931945.0
	14.0	15.0	16.0	17.0	18.0	19.0	20.0	21.0	22.0	23.0	24.0	25.0	26.0	27.0	28.0	29.0	30.0	31.0	32.0	33.0	34.0	35.0
T007-B2PPDBAL-PBmiRNA_S1_R1_001	1.0	18.0	135.0	365.0	808.0	1976.0	6295.0	15942.0	30497.0	53115.0	91274.0	155210.0	253236.0	388407.0	558527.0	769294.0	1037877.0	1417680.0	2057582.0	3410955.0	7594318.0	14789972.0
	14.0	15.0	16.0	17.0	18.0	19.0	20.0	21.0	22.0	23.0	24.0	25.0	26.0	27.0	28.0	29.0	30.0	31.0	32.0	33.0	34.0	35.0
T007-B2SalBAL-PBmiRNA_S29_R1_001	1.0	62.0	265.0	728.0	1567.0	5403.0	20869.0	51111.0	83157.0	104973.0	128869.0	175930.0	253883.0	359683.0	492834.0	650921.0	852902.0	1135095.0	1627797.0	2721717.0	6845564.0	21421514.0
	14.0	15.0	16.0	17.0	18.0	19.0	20.0	21.0	22.0	23.0	24.0	25.0	26.0	27.0	28.0	29.0	30.0	31.0	32.0	33.0	34.0	35.0
T009-B1BALCells-PBmiRNA_S25_R1_001	2.0	31.0	162.0	458.0	993.0	3106.0	9978.0	21832.0	36481.0	55965.0	82784.0	121588.0	179570.0	253825.0	344947.0	453544.0	591333.0	786882.0	1126104.0	1877752.0	4630482.0	12599800.0
	14.0	15.0	16.0	17.0	18.0	19.0	20.0	21.0	22.0	23.0	24.0	25.0	26.0	27.0	28.0	29.0	30.0	31.0	32.0	33.0	34.0	35.0
T009-B2BCGBAL-PBmiRNA_S7_R1_001	1.0	62.0	316.0	857.0	1728.0	5274.0	16443.0	34769.0	58150.0	85723.0	120359.0	166203.0	231102.0	315021.0	418759.0	543968.0	705046.0	939078.0	1350980.0	2265235.0	5677558.0	16061479.0
	14.0	15.0	16.0	17.0	18.0	19.0	20.0	21.0	22.0	23.0	24.0	25.0	26.0	27.0	28.0	29.0	30.0	31.0	32.0	33.0	34.0	35.0
T009-B2PPDBAL-PBmiRNA_S28_R1_001	3.0	54.0	262.0	656.0	1248.0	4165.0	14353.0	33558.0	58338.0	85665.0	126172.0	191804.0	290620.0	420733.0	581371.0	770443.0	1004937.0	1339739.0	1908254.0	3166944.0	7912514.0	25019313.0
	15.0	16.0	17.0	18.0	19.0	20.0	21.0	22.0	23.0	24.0	25.0	26.0	27.0	28.0	29.0	30.0	31.0	32.0	33.0	34.0	35.0
T009-B2SalBAL-PBmiRNA_S6_R1_001	38.0	219.0	507.0	1010.0	3007.0	9290.0	21184.0	37599.0	58823.0	88139.0	129563.0	188502.0	264748.0	358561.0	471502.0	614886.0	827957.0	1199791.0	2030162.0	5219363.0	13174162.0
	14.0	15.0	16.0	17.0	18.0	19.0	20.0	21.0	22.0	23.0	24.0	25.0	26.0	27.0	28.0	29.0	30.0	31.0	32.0	33.0	34.0	35.0
T010-B1BALRNA-PBmiRNA_S9_R1_001	1.0	12.0	94.0	303.0	676.0	1969.0	6333.0	14760.0	27365.0	48126.0	83215.0	142326.0	231873.0	355454.0	511710.0	700328.0	937469.0	1270862.0	1828789.0	3009337.0	6776772.0	13595703.0
	14.0	15.0	16.0	17.0	18.0	19.0	20.0	21.0	22.0	23.0	24.0	25.0	26.0	27.0	28.0	29.0	30.0	31.0	32.0	33.0	34.0	35.0
T011-B1BALCells-PBmiRNA_S4_R1_001	3.0	32.0	174.0	489.0	1054.0	3246.0	9961.0	20951.0	34842.0	54219.0	84281.0	128376.0	191206.0	274673.0	378679.0	503878.0	664920.0	901929.0	1319848.0	2240397.0	5780468.0	15051639.0
	14.0	15.0	16.0	17.0	18.0	19.0	20.0	21.0	22.0	23.0	24.0	25.0	26.0	27.0	28.0	29.0	30.0	31.0	32.0	33.0	34.0	35.0
T011-B2BCGBAL-PBmiRNA_S22_R1_001	3.0	24.0	116.0	357.0	811.0	2771.0	9795.0	23401.0	39896.0	57218.0	81801.0	121033.0	180474.0	261819.0	364274.0	487159.0	642717.0	866860.0	1252720.0	2111701.0	5275955.0	14975089.0
	14.0	15.0	16.0	17.0	18.0	19.0	20.0	21.0	22.0	23.0	24.0	25.0	26.0	27.0	28.0	29.0	30.0	31.0	32.0	33.0	34.0	35.0
T011-B2BCGBAL-PBmiRNA_S5_R1_001	2.0	42.0	170.0	460.0	1100.0	4233.0	13663.0	26710.0	42669.0	63352.0	94420.0	139327.0	203069.0	289107.0	393502.0	522670.0	686342.0	923595.0	1334233.0	2239033.0	5541283.0	13300268.0
	14.0	15.0	16.0	17.0	18.0	19.0	20.0	21.0	22.0	23.0	24.0	25.0	26.0	27.0	28.0	29.0	30.0	31.0	32.0	33.0	34.0	35.0
T011-B2PPDBAL-PBmiRNA1_S23_R1_001	2.0	16.0	126.0	349.0	720.0	2247.0	7351.0	18220.0	34293.0	58763.0	95603.0	154119.0	238104.0	349785.0	490728.0	658430.0	872159.0	1171518.0	1685734.0	2830135.0	7015505.0	20299342.0
	14.0	15.0	16.0	17.0	18.0	19.0	20.0	21.0	22.0	23.0	24.0	25.0	26.0	27.0	28.0	29.0	30.0	31.0	32.0	33.0	34.0	35.0
T011-B2PPDBAL-PLmiRNA2_S24_R1_001	1.0	32.0	209.0	600.0	1093.0	2603.0	7827.0	18257.0	33216.0	53237.0	82865.0	127364.0	188888.0	270400.0	371083.0	494489.0	644032.0	859591.0	1220566.0	2012715.0	4890746.0	15642604.0
	14.0	15.0	16.0	17.0	18.0	19.0	20.0	21.0	22.0	23.0	24.0	25.0	26.0	27.0	28.0	29.0	30.0	31.0	32.0	33.0	34.0	35.0
T012-BALRNA-PBmiRNA_S8_R1_001	2.0	29.0	134.0	434.0	816.0	2276.0	7739.0	19504.0	37684.0	64455.0	108373.0	181047.0	291678.0	440587.0	628370.0	851898.0	1132534.0	1527356.0	2186164.0	3586635.0	7992934.0	15916198.0
	15.0	16.0	17.0	18.0	19.0	20.0	21.0	22.0	23.0	24.0	25.0	26.0	27.0	28.0	29.0	30.0	31.0	32.0	33.0	34.0	35.0
T013-B1BALCells-PBmiRNA_S4_R1_001	23.0	112.0	346.0	700.0	1985.0	6371.0	15306.0	28554.0	49330.0	84333.0	139179.0	222139.0	337395.0	482849.0	659427.0	883527.0	1197287.0	1726590.0	2848699.0	6401381.0	12638687.0
	14.0	15.0	16.0	17.0	18.0	19.0	20.0	21.0	22.0	23.0	24.0	25.0	26.0	27.0	28.0	29.0	30.0	31.0	32.0	33.0	34.0	35.0
T013-B2BCGBAL-PBmiRNA_S7_R1_001	2.0	26.0	157.0	497.0	952.0	2276.0	7147.0	17980.0	34152.0	59012.0	102131.0	173515.0	282809.0	434567.0	625610.0	858677.0	1147916.0	1553810.0	2231252.0	3675376.0	8282876.0	17100137.0
	15.0	16.0	17.0	18.0	19.0	20.0	21.0	22.0	23.0	24.0	25.0	26.0	27.0	28.0	29.0	30.0	31.0	32.0	33.0	34.0	35.0
T013-B2PPDBAL-PBmiRNA_S6_R1_001	20.0	128.0	392.0	869.0	2921.0	11148.0	28059.0	51611.0	83483.0	135660.0	222370.0	356727.0	544265.0	788009.0	1092282.0	1471842.0	1986204.0	2821906.0	4565102.0	10303991.0	20766872.0
	15.0	16.0	17.0	18.0	19.0	20.0	21.0	22.0	23.0	24.0	25.0	26.0	27.0	28.0	29.0	30.0	31.0	32.0	33.0	34.0	35.0
T013-B2SalBAL-PBmiRNA_S5_R1_001	10.0	56.0	216.0	509.0	1279.0	4149.0	9742.0	19522.0	36667.0	68093.0	120881.0	199409.0	310405.0	452911.0	628049.0	849983.0	1167970.0	1701147.0	2823307.0	6176452.0	10674507.0
	14.0	15.0	16.0	17.0	18.0	19.0	20.0	21.0	22.0	23.0	24.0	25.0	26.0	27.0	28.0	29.0	30.0	31.0	32.0	33.0	34.0	35.0
T014-B1BALCells-PLmiRNA2_S28_R1_001	1.0	19.0	189.0	510.0	1313.0	5206.0	16758.0	35123.0	56902.0	87695.0	136962.0	216810.0	340596.0	516466.0	748751.0	1045571.0	1429364.0	1953584.0	2808229.0	4608580.0	11212915.0	26660604.0
	15.0	16.0	17.0	18.0	19.0	20.0	21.0	22.0	23.0	24.0	25.0	26.0	27.0	28.0	29.0	30.0	31.0	32.0	33.0	34.0	35.0
T014-B1BALRNA-PBmiRNA1_S27_R1_001	13.0	138.0	436.0	1085.0	2701.0	7860.0	16973.0	31397.0	54503.0	95173.0	159820.0	259892.0	400942.0	582057.0	810735.0	1105256.0	1527200.0	2237231.0	3737549.0	8622383.0	17366377.0
	15.0	16.0	17.0	18.0	19.0	20.0	21.0	22.0	23.0	24.0	25.0	26.0	27.0	28.0	29.0	30.0	31.0	32.0	33.0	34.0	35.0
T014-B2BCGBAL-PBmiRNA1_S3_R1_001	10.0	81.0	350.0	1048.0	4026.0	14340.0	35062.0	62481.0	97504.0	151793.0	242296.0	377955.0	562485.0	794521.0	1082953.0	1444727.0	1941580.0	2746453.0	4378869.0	9131944.0	14911846.0
	15.0	16.0	17.0	18.0	19.0	20.0	21.0	22.0	23.0	24.0	25.0	26.0	27.0	28.0	29.0	30.0	31.0	32.0	33.0	34.0	35.0
T014-B2BCGBAL-PLmiRNA2_S4_R1_001	11.0	122.0	441.0	1564.0	7682.0	30420.0	72637.0	122270.0	172611.0	246538.0	366138.0	543297.0	784176.0	1090364.0	1468161.0	1943416.0	2575706.0	3598122.0	5681751.0	12298508.0	22601924.0
	15.0	16.0	17.0	18.0	19.0	20.0	21.0	22.0	23.0	24.0	25.0	26.0	27.0	28.0	29.0	30.0	31.0	32.0	33.0	34.0	35.0
T014-B2PPDBAL-PBmiRNA1_S1_R1_001	9.0	65.0	338.0	1098.0	3726.0	12419.0	29264.0	53594.0	86629.0	139959.0	226837.0	356529.0	535078.0	758045.0	1035322.0	1388076.0	1870136.0	2657808.0	4252273.0	8946629.0	14727750.0
	15.0	16.0	17.0	18.0	19.0	20.0	21.0	22.0	23.0	24.0	25.0	26.0	27.0	28.0	29.0	30.0	31.0	32.0	33.0	34.0	35.0
T014-B2PPDBAL-PLmiRNA2_S2_R1_001	13.0	117.0	494.0	1668.0	7342.0	28617.0	68890.0	116233.0	164953.0	239398.0	362019.0	547679.0	801601.0	1124177.0	1523143.0	2014455.0	2685892.0	3767344.0	5959661.0	12804921.0	22468632.0
	14.0	15.0	16.0	17.0	18.0	19.0	20.0	21.0	22.0	23.0	24.0	25.0	26.0	27.0	28.0	29.0	30.0	31.0	32.0	33.0	34.0	35.0
T014-B2SalBAL-PBmiRNA_S29_R1_001	1.0	18.0	121.0	337.0	833.0	2727.0	9009.0	20934.0	38696.0	66522.0	114319.0	193510.0	312667.0	480345.0	698604.0	967580.0	1310807.0	1782217.0	2550186.0	4153387.0	9402195.0	19448864.0
	15.0	16.0	17.0	18.0	19.0	20.0	21.0	22.0	23.0	24.0	25.0	26.0	27.0	28.0	29.0	30.0	31.0	32.0	33.0	34.0	35.0
T015-B1BALCells-PBmiRNA_S18_R1_001	25.0	183.0	502.0	992.0	2806.0	8677.0	19977.0	36120.0	61644.0	104968.0	178481.0	292673.0	453040.0	653079.0	901824.0	1214815.0	1647285.0	2359256.0	3889883.0	8927832.0	19117321.0
	14.0	15.0	16.0	17.0	18.0	19.0	20.0	21.0	22.0	23.0	24.0	25.0	26.0	27.0	28.0	29.0	30.0	31.0	32.0	33.0	34.0	35.0
T015-B2BCGBAL-PBmiRNA_S22_R1_001	1.0	14.0	73.0	234.0	505.0	1884.0	6763.0	16639.0	32436.0	58773.0	103574.0	178216.0	292806.0	451408.0	653309.0	901371.0	1216032.0	1644098.0	2348355.0	3804129.0	8279269.0	15544154.0
	15.0	16.0	17.0	18.0	19.0	20.0	21.0	22.0	23.0	24.0	25.0	26.0	27.0	28.0	29.0	30.0	31.0	32.0	33.0	34.0	35.0
T015-B2PPDBAL-PBmiRNA_S21_R1_001	20.0	198.0	644.0	1464.0	3833.0	11899.0	25158.0	42934.0	70605.0	120434.0	203643.0	331871.0	515660.0	753594.0	1053606.0	1435526.0	1963564.0	2836048.0	4675039.0	11020761.0	25489388.0
	15.0	16.0	17.0	18.0	19.0	20.0	21.0	22.0	23.0	24.0	25.0	26.0	27.0	28.0	29.0	30.0	31.0	32.0	33.0	34.0	35.0
T015-B2SalBAL-PBmiRNA1_S19_R1_001	22.0	120.0	387.0	770.0	1555.0	3666.0	8286.0	15747.0	29849.0	55082.0	97771.0	163777.0	257637.0	377504.0	527142.0	722344.0	996641.0	1457835.0	2401409.0	5119122.0	8853843.0
	15.0	16.0	17.0	18.0	19.0	20.0	21.0	22.0	23.0	24.0	25.0	26.0	27.0	28.0	29.0	30.0	31.0	32.0	33.0	34.0	35.0
T015-B2SalBAL-PLmiRNA2_S20_R1_001	18.0	128.0	502.0	1169.0	2958.0	8613.0	17991.0	31775.0	54975.0	96652.0	167078.0	274527.0	425724.0	621176.0	868362.0	1188527.0	1640541.0	2404788.0	4021314.0	9293476.0	18474004.0
	14.0	15.0	16.0	17.0	18.0	19.0	20.0	21.0	22.0	23.0	24.0	25.0	26.0	27.0	28.0	29.0	30.0	31.0	32.0	33.0	34.0	35.0
T016-B1BALCells-PBmiRNA_S16_R1_001	1.0	32.0	163.0	458.0	992.0	2766.0	8284.0	18222.0	32017.0	51642.0	81196.0	127380.0	195237.0	286999.0	402005.0	541273.0	721452.0	979620.0	1413754.0	2384061.0	6230764.0	18294950.0
	14.0	15.0	16.0	17.0	18.0	19.0	20.0	21.0	22.0	23.0	24.0	25.0	26.0	27.0	28.0	29.0	30.0	31.0	32.0	33.0	34.0	35.0
T016-B2BCGBAL-PBmiRNA1_S17_R1_001	2.0	27.0	152.0	363.0	791.0	2197.0	7109.0	16818.0	30957.0	51432.0	84364.0	135097.0	209337.0	311534.0	436461.0	587999.0	779759.0	1051811.0	1522988.0	2555728.0	6248036.0	16202407.0
	14.0	15.0	16.0	17.0	18.0	19.0	20.0	21.0	22.0	23.0	24.0	25.0	26.0	27.0	28.0	29.0	30.0	31.0	32.0	33.0	34.0	35.0
T016-B2BCGBAL-PBmiRNA2_S18_R1_001	1.0	40.0	157.0	457.0	784.0	1977.0	5737.0	13880.0	26407.0	43243.0	69681.0	112853.0	174801.0	256835.0	356628.0	476082.0	626333.0	838114.0	1206727.0	2028313.0	4974589.0	15261046.0
	14.0	15.0	16.0	17.0	18.0	19.0	20.0	21.0	22.0	23.0	24.0	25.0	26.0	27.0	28.0	29.0	30.0	31.0	32.0	33.0	34.0	35.0
T016-B2PPDBAL-PBmiRNA_S19_R1_001	5.0	61.0	229.0	628.0	1230.0	4042.0	14398.0	35071.0	57433.0	79084.0	106870.0	155652.0	230214.0	332766.0	459885.0	612438.0	806464.0	1081916.0	1546892.0	2587577.0	6541947.0	19936144.0
	15.0	16.0	17.0	18.0	19.0	20.0	21.0	22.0	23.0	24.0	25.0	26.0	27.0	28.0	29.0	30.0	31.0	32.0	33.0	34.0	35.0
T021-B1BALCells-PLmiRNA_S3_R1_001	39.0	198.0	535.0	998.0	2539.0	7816.0	18003.0	30618.0	45892.0	67599.0	102569.0	153336.0	222647.0	306541.0	408536.0	538787.0	723953.0	1043579.0	1752412.0	4318821.0	12371271.0
	14.0	15.0	16.0	17.0	18.0	19.0	20.0	21.0	22.0	23.0	24.0	25.0	26.0	27.0	28.0	29.0	30.0	31.0	32.0	33.0	34.0	35.0
T021-B2Sal2BAL-PLmiRNA_S20_R1_001	2.0	21.0	142.0	389.0	886.0	2923.0	9853.0	21979.0	35877.0	50920.0	71289.0	101438.0	146554.0	206881.0	282776.0	375458.0	495451.0	670733.0	977675.0	1659233.0	4125006.0	10688515.0
	14.0	15.0	16.0	17.0	18.0	19.0	20.0	21.0	22.0	23.0	24.0	25.0	26.0	27.0	28.0	29.0	30.0	31.0	32.0	33.0	34.0	35.0
T021-B2Sal3BAL-PLmiRNA_S21_R1_001	1.0	12.0	131.0	326.0	702.0	1529.0	4981.0	11720.0	20988.0	34446.0	55652.0	88905.0	137955.0	203508.0	286800.0	389751.0	519985.0	712038.0	1044739.0	1782613.0	4417263.0	11145115.0
	15.0	16.0	17.0	18.0	19.0	20.0	21.0	22.0	23.0	24.0	25.0	26.0	27.0	28.0	29.0	30.0	31.0	32.0	33.0	34.0	35.0
T023-B1BALCells-PBmiRNA_S10_R1_001	28.0	155.0	431.0	917.0	2529.0	8185.0	19532.0	36165.0	60288.0	102046.0	170318.0	275604.0	420533.0	602767.0	823786.0	1101821.0	1486865.0	2134272.0	3511300.0	7938059.0	16326231.0
	15.0	16.0	17.0	18.0	19.0	20.0	21.0	22.0	23.0	24.0	25.0	26.0	27.0	28.0	29.0	30.0	31.0	32.0	33.0	34.0	35.0
T023-B2BCGBAL-PBmiRNA_S12_R1_001	9.0	75.0	279.0	574.0	1911.0	5426.0	11467.0	19810.0	34564.0	59824.0	101532.0	165432.0	254353.0	368842.0	513721.0	702112.0	975966.0	1442585.0	2417340.0	5389871.0	9567587.0
	15.0	16.0	17.0	18.0	19.0	20.0	21.0	22.0	23.0	24.0	25.0	26.0	27.0	28.0	29.0	30.0	31.0	32.0	33.0	34.0	35.0
T023-B2PPDBAL-PBmiRNA_S11_R1_001	11.0	75.0	241.0	474.0	1366.0	4247.0	9690.0	18992.0	33622.0	59621.0	103173.0	169127.0	263485.0	381888.0	529566.0	718192.0	984310.0	1432747.0	2372615.0	5173547.0	9517319.0
	14.0	15.0	16.0	17.0	18.0	19.0	20.0	21.0	22.0	23.0	24.0	25.0	26.0	27.0	28.0	29.0	30.0	31.0	32.0	33.0	34.0	35.0
T023-B2SalBAL-PBmiRNA_S8_R1_001	2.0	32.0	191.0	552.0	1061.0	2938.0	9312.0	20493.0	34946.0	53429.0	79667.0	120975.0	182099.0	262466.0	362642.0	485345.0	641651.0	872673.0	1276146.0	2175303.0	5408427.0	13417754.0
	15.0	16.0	17.0	18.0	19.0	20.0	21.0	22.0	23.0	24.0	25.0	26.0	27.0	28.0	29.0	30.0	31.0	32.0	33.0	34.0	35.0
T025-B1BALRNA-PBmiRNA_S10_R1_001	5.0	58.0	218.0	684.0	2171.0	7197.0	17924.0	34947.0	61553.0	106678.0	179197.0	289085.0	437386.0	623682.0	847405.0	1130679.0	1520988.0	2157508.0	3422442.0	6862475.0	10725985.0
	15.0	16.0	17.0	18.0	19.0	20.0	21.0	22.0	23.0	24.0	25.0	26.0	27.0	28.0	29.0	30.0	31.0	32.0	33.0	34.0	35.0
T025-B2BCGBAL-PBmiRNA_S14_R1_001	5.0	50.0	232.0	662.0	2206.0	7317.0	18673.0	37511.0	66215.0	115112.0	195244.0	313026.0	473583.0	672741.0	918292.0	1222715.0	1646372.0	2340617.0	3752809.0	7744284.0	12632926.0
	15.0	16.0	17.0	18.0	19.0	20.0	21.0	22.0	23.0	24.0	25.0	26.0	27.0	28.0	29.0	30.0	31.0	32.0	33.0	34.0	35.0
T025-B2PPDBAL-PBmiRNA1_S12_R1_001	11.0	82.0	286.0	945.0	3336.0	10757.0	26148.0	51308.0	91436.0	159821.0	271236.0	434481.0	654739.0	931603.0	1266591.0	1681123.0	2242550.0	3153388.0	5007968.0	10655888.0	18746487.0
	15.0	16.0	17.0	18.0	19.0	20.0	21.0	22.0	23.0	24.0	25.0	26.0	27.0	28.0	29.0	30.0	31.0	32.0	33.0	34.0	35.0
T025-B2PPDBAL-PLmiRNA2_S13_R1_001	16.0	98.0	409.0	1292.0	5882.0	20992.0	49886.0	88100.0	141286.0	223664.0	353956.0	544268.0	803165.0	1134074.0	1536127.0	2036399.0	2705550.0	3765781.0	5918651.0	12799094.0	23243061.0
	15.0	16.0	17.0	18.0	19.0	20.0	21.0	22.0	23.0	24.0	25.0	26.0	27.0	28.0	29.0	30.0	31.0	32.0	33.0	34.0	35.0
T025-B2SalBAL-PBmiRNA_S11_R1_001	6.0	65.0	234.0	704.0	2569.0	9319.0	23570.0	45478.0	74843.0	121609.0	199043.0	312484.0	465029.0	657170.0	891836.0	1188016.0	1594946.0	2257159.0	3585399.0	7228637.0	10953649.0
	14.0	15.0	16.0	17.0	18.0	19.0	20.0	21.0	22.0	23.0	24.0	25.0	26.0	27.0	28.0	29.0	30.0	31.0	32.0	33.0	34.0	35.0
T026-B1BALCells-PBmiRNA_S13_R1_001	2.0	10.0	126.0	381.0	777.0	1777.0	5124.0	11901.0	23158.0	41370.0	75047.0	130342.0	216277.0	337579.0	492753.0	683557.0	926688.0	1266911.0	1835718.0	3044694.0	6856245.0	13938820.0
	15.0	16.0	17.0	18.0	19.0	20.0	21.0	22.0	23.0	24.0	25.0	26.0	27.0	28.0	29.0	30.0	31.0	32.0	33.0	34.0	35.0
T026-B2BCGBAL-PBmiRNA_S17_R1_001	11.0	86.0	223.0	458.0	1109.0	3450.0	8585.0	17214.0	33199.0	60906.0	109081.0	182226.0	286887.0	422667.0	590678.0	801772.0	1103323.0	1610225.0	2664264.0	5819870.0	10526320.0
	14.0	15.0	16.0	17.0	18.0	19.0	20.0	21.0	22.0	23.0	24.0	25.0	26.0	27.0	28.0	29.0	30.0	31.0	32.0	33.0	34.0	35.0
T026-B2PPDBAL-PBmiRNA1_S15_R1_001	1.0	14.0	149.0	427.0	925.0	2078.0	6624.0	15482.0	28362.0	46232.0	78002.0	130906.0	215522.0	331262.0	480693.0	670863.0	908865.0	1246808.0	1814416.0	3021199.0	6876242.0	14086633.0
	14.0	15.0	16.0	17.0	18.0	19.0	20.0	21.0	22.0	23.0	24.0	25.0	26.0	27.0	28.0	29.0	30.0	31.0	32.0	33.0	34.0	35.0
T026-B2PPDBAL-PLmiRNA2_S16_R1_001	1.0	33.0	215.0	693.0	1318.0	3214.0	10307.0	24012.0	43039.0	70812.0	116930.0	191981.0	307395.0	469891.0	682505.0	949531.0	1287868.0	1753118.0	2516499.0	4136821.0	9718295.0	22359447.0
	14.0	15.0	16.0	17.0	18.0	19.0	20.0	21.0	22.0	23.0	24.0	25.0	26.0	27.0	28.0	29.0	30.0	31.0	32.0	33.0	34.0	35.0
T026-B2SalBAL-PBmiRNA_S14_R1_001	1.0	16.0	101.0	320.0	682.0	1677.0	5487.0	12197.0	22702.0	39863.0	69586.0	118368.0	192985.0	298287.0	430877.0	594406.0	804789.0	1099107.0	1597020.0	2635217.0	5809752.0	11020468.0
	15.0	16.0	17.0	18.0	19.0	20.0	21.0	22.0	23.0	24.0	25.0	26.0	27.0	28.0	29.0	30.0	31.0	32.0	33.0	34.0	35.0
T028-B1BAL-PBmiRNA_S23_R1_001	23.0	124.0	369.0	840.0	2370.0	7402.0	16145.0	29581.0	51757.0	89152.0	148799.0	240465.0	365720.0	526655.0	729549.0	992158.0	1368168.0	1996714.0	3334555.0	7490062.0	15264648.0
	15.0	16.0	17.0	18.0	19.0	20.0	21.0	22.0	23.0	24.0	25.0	26.0	27.0	28.0	29.0	30.0	31.0	32.0	33.0	34.0	35.0
T028-B2BCGBAL-PBmiRNA_S26_R1_001	19.0	103.0	304.0	766.0	3067.0	10684.0	24177.0	43349.0	72058.0	119587.0	197262.0	313376.0	476501.0	682534.0	939111.0	1265519.0	1720163.0	2473244.0	4064045.0	9485453.0	21767458.0
	14.0	15.0	16.0	17.0	18.0	19.0	20.0	21.0	22.0	23.0	24.0	25.0	26.0	27.0	28.0	29.0	30.0	31.0	32.0	33.0	34.0	35.0
T028-B2PPDBAL-PBmiRNA_S25_R1_001	1.0	28.0	179.0	656.0	1410.0	3873.0	12038.0	26679.0	47928.0	80456.0	134222.0	222990.0	356607.0	540151.0	775998.0	1063156.0	1433149.0	1948914.0	2800083.0	4604277.0	10622253.0	22935275.0
	15.0	16.0	17.0	18.0	19.0	20.0	21.0	22.0	23.0	24.0	25.0	26.0	27.0	28.0	29.0	30.0	31.0	32.0	33.0	34.0	35.0
T028-B2SalBAL-PBmiRNA_S24_R1_001	20.0	103.0	317.0	713.0	2192.0	6783.0	15455.0	29067.0	50836.0	90338.0	155661.0	255650.0	395488.0	573359.0	797174.0	1083598.0	1486232.0	2160779.0	3595202.0	8198267.0	17558442.0
	15.0	16.0	17.0	18.0	19.0	20.0	21.0	22.0	23.0	24.0	25.0	26.0	27.0	28.0	29.0	30.0	31.0	32.0	33.0	34.0	35.0
T030-B1BALRNA-PBmiRNA_S5_R1_001	10.0	78.0	284.0	1000.0	4672.0	16860.0	40711.0	73132.0	117320.0	186271.0	292243.0	452212.0	664205.0	932188.0	1263051.0	1681896.0	2247169.0	3171020.0	5012125.0	10432320.0	16000837.0
	15.0	16.0	17.0	18.0	19.0	20.0	21.0	22.0	23.0	24.0	25.0	26.0	27.0	28.0	29.0	30.0	31.0	32.0	33.0	34.0	35.0
T031-B1BALRNA-PBmiRNA_S6_R1_001	5.0	37.0	168.0	537.0	2330.0	8280.0	20915.0	40816.0	71174.0	120520.0	199755.0	315701.0	471458.0	666339.0	900820.0	1192829.0	1597554.0	2254487.0	3577843.0	7392953.0	12211754.0
	15.0	16.0	17.0	18.0	19.0	20.0	21.0	22.0	23.0	24.0	25.0	26.0	27.0	28.0	29.0	30.0	31.0	32.0	33.0	34.0	35.0
T031-B2BCGBAL-PBmiRNA_S9_R1_001	10.0	52.0	201.0	696.0	3046.0	10821.0	27099.0	52357.0	90040.0	152311.0	250662.0	391065.0	583252.0	817900.0	1109040.0	1469720.0	1965983.0	2771654.0	4390525.0	9050135.0	14328554.0
	15.0	16.0	17.0	18.0	19.0	20.0	21.0	22.0	23.0	24.0	25.0	26.0	27.0	28.0	29.0	30.0	31.0	32.0	33.0	34.0	35.0
T031-B2PPDBAL-PBmiRNA_S8_R1_001	7.0	69.0	242.0	960.0	4874.0	19673.0	48414.0	83663.0	120331.0	178882.0	279067.0	432407.0	641390.0	903770.0	1218415.0	1615965.0	2154464.0	3021199.0	4790109.0	10087858.0	17366906.0
	14.0	15.0	16.0	17.0	18.0	19.0	20.0	21.0	22.0	23.0	24.0	25.0	26.0	27.0	28.0	29.0	30.0	31.0	32.0	33.0	34.0	35.0
T031-B2SalBAL-PBmiRNA_S7_R1_001	1.0	7.0	48.0	181.0	629.0	2584.0	9249.0	22648.0	43517.0	75766.0	127805.0	212443.0	336688.0	501898.0	708183.0	960523.0	1273691.0	1701760.0	2393099.0	3781850.0	7590819.0	11342390.0
	14.0	15.0	16.0	17.0	18.0	19.0	20.0	21.0	22.0	23.0	24.0	25.0	26.0	27.0	28.0	29.0	30.0	31.0	32.0	33.0	34.0	35.0
T032-B1BALRNA-PBmiRNA_S23_R1_001	1.0	5.0	43.0	151.0	591.0	2993.0	11315.0	28591.0	54353.0	87734.0	141815.0	230770.0	361485.0	539728.0	759286.0	1031128.0	1367984.0	1828477.0	2574212.0	4044686.0	7976463.0	11292048.0
	15.0	16.0	17.0	18.0	19.0	20.0	21.0	22.0	23.0	24.0	25.0	26.0	27.0	28.0	29.0	30.0	31.0	32.0	33.0	34.0	35.0
T032-B2BCGBAL-PBmiRNA1_S28_R1_001	10.0	80.0	327.0	1127.0	5535.0	21724.0	53210.0	90490.0	125333.0	180364.0	277278.0	423960.0	628097.0	883422.0	1192502.0	1582606.0	2119364.0	2992050.0	4768024.0	9921897.0	16360246.0
	15.0	16.0	17.0	18.0	19.0	20.0	21.0	22.0	23.0	24.0	25.0	26.0	27.0	28.0	29.0	30.0	31.0	32.0	33.0	34.0	35.0
T032-B2BCGBAL-PLmiRNA2_S29_R1_001	6.0	52.0	232.0	875.0	4274.0	16740.0	42137.0	73811.0	110244.0	164315.0	255126.0	392177.0	577153.0	813243.0	1096799.0	1449945.0	1937110.0	2713622.0	4306101.0	8960911.0	15128807.0
	15.0	16.0	17.0	18.0	19.0	20.0	21.0	22.0	23.0	24.0	25.0	26.0	27.0	28.0	29.0	30.0	31.0	32.0	33.0	34.0	35.0
T032-B2PPDBAL-PBmiRNA1_S25_R1_001	8.0	74.0	353.0	1276.0	6404.0	25687.0	63020.0	103969.0	137358.0	187053.0	279706.0	423421.0	625667.0	878371.0	1192928.0	1580747.0	2115436.0	2980278.0	4731673.0	9796748.0	15874495.0
	15.0	16.0	17.0	18.0	19.0	20.0	21.0	22.0	23.0	24.0	25.0	26.0	27.0	28.0	29.0	30.0	31.0	32.0	33.0	34.0	35.0
T032-B2PPDBAL-PLmiRNA2_S26_R1_001	4.0	51.0	241.0	716.0	2753.0	9739.0	23705.0	44380.0	75064.0	120866.0	194453.0	305350.0	453666.0	638378.0	866755.0	1150890.0	1546096.0	2186220.0	3470962.0	7089167.0	11374283.0
	14.0	15.0	16.0	17.0	18.0	19.0	20.0	21.0	22.0	23.0	24.0	25.0	26.0	27.0	28.0	29.0	30.0	31.0	32.0	33.0	34.0	35.0
T032-B2PPDBAL-PLmiRNA3_S27_R1_001	1.0	3.0	73.0	341.0	992.0	3727.0	12913.0	31355.0	58177.0	94915.0	152585.0	247276.0	387456.0	579157.0	819648.0	1119018.0	1491751.0	2006974.0	2852941.0	4557015.0	9520678.0	15289177.0
	15.0	16.0	17.0	18.0	19.0	20.0	21.0	22.0	23.0	24.0	25.0	26.0	27.0	28.0	29.0	30.0	31.0	32.0	33.0	34.0	35.0
T032-B2SalBAL-PBmiRNA_S24_R1_001	11.0	106.0	369.0	1101.0	4130.0	15430.0	38066.0	68382.0	107312.0	166304.0	264577.0	409557.0	605328.0	850572.0	1147295.0	1519451.0	2034117.0	2872949.0	4585798.0	9567508.0	15774245.0
	15.0	16.0	17.0	18.0	19.0	20.0	21.0	22.0	23.0	24.0	25.0	26.0	27.0	28.0	29.0	30.0	31.0	32.0	33.0	34.0	35.0
T033-B1BALRNA-PBmiRNA1_S15_R1_001	7.0	54.0	230.0	749.0	2665.0	9726.0	24351.0	45307.0	75155.0	124928.0	206008.0	329780.0	495957.0	707960.0	968488.0	1293427.0	1741583.0	2474630.0	3946927.0	8065133.0	12709544.0
	14.0	15.0	16.0	17.0	18.0	19.0	20.0	21.0	22.0	23.0	24.0	25.0	26.0	27.0	28.0	29.0	30.0	31.0	32.0	33.0	34.0	35.0
T033-B1BALRNA-PLmiRNA2_S16_R1_001	2.0	12.0	77.0	344.0	1026.0	3712.0	12742.0	30447.0	54749.0	86374.0	137588.0	221362.0	345700.0	512583.0	720612.0	977069.0	1296038.0	1737115.0	2451497.0	3908587.0	8119251.0	13780418.0
	15.0	16.0	17.0	18.0	19.0	20.0	21.0	22.0	23.0	24.0	25.0	26.0	27.0	28.0	29.0	30.0	31.0	32.0	33.0	34.0	35.0
T033-B2BCGBAL-PBmiRNA1_S20_R1_001	8.0	59.0	288.0	917.0	4298.0	16231.0	38564.0	66303.0	98218.0	146778.0	228555.0	352434.0	521322.0	734183.0	999857.0	1327865.0	1790551.0	2543440.0	4052010.0	8467907.0	13364018.0
	15.0	16.0	17.0	18.0	19.0	20.0	21.0	22.0	23.0	24.0	25.0	26.0	27.0	28.0	29.0	30.0	31.0	32.0	33.0	34.0	35.0
T033-B2BCGBAL-PLmiRNA2_S21_R1_001	4.0	79.0	267.0	1085.0	6066.0	25124.0	62428.0	102670.0	137294.0	187541.0	274682.0	407444.0	594476.0	829513.0	1117464.0	1479647.0	1972862.0	2766881.0	4382947.0	9143411.0	15522939.0
	14.0	15.0	16.0	17.0	18.0	19.0	20.0	21.0	22.0	23.0	24.0	25.0	26.0	27.0	28.0	29.0	30.0	31.0	32.0	33.0	34.0	35.0
T033-B2PPDBAL-PBmiRNA1_S18_R1_001	1.0	9.0	75.0	434.0	1331.0	6551.0	25676.0	61785.0	101054.0	135925.0	185472.0	274059.0	413048.0	601269.0	844337.0	1143467.0	1518689.0	2033364.0	2875066.0	4584576.0	9624451.0	16054625.0
	15.0	16.0	17.0	18.0	19.0	20.0	21.0	22.0	23.0	24.0	25.0	26.0	27.0	28.0	29.0	30.0	31.0	32.0	33.0	34.0	35.0
T033-B2PPDBAL-PLmiRNA2_S19_R1_001	6.0	73.0	346.0	1177.0	5443.0	20957.0	54659.0	100580.0	160321.0	250597.0	396091.0	614061.0	912365.0	1293866.0	1754457.0	2329446.0	3088326.0	4290831.0	6745994.0	14532952.0	25404992.0
	15.0	16.0	17.0	18.0	19.0	20.0	21.0	22.0	23.0	24.0	25.0	26.0	27.0	28.0	29.0	30.0	31.0	32.0	33.0	34.0	35.0
T033-B2SalBAL-PBmiRNA_S17_R1_001	8.0	57.0	360.0	1575.0	8986.0	36906.0	89208.0	137513.0	161833.0	192595.0	266458.0	392819.0	570993.0	800455.0	1079492.0	1430911.0	1919519.0	2714257.0	4330293.0	8914820.0	14282096.0
	15.0	16.0	17.0	18.0	19.0	20.0	21.0	22.0	23.0	24.0	25.0	26.0	27.0	28.0	29.0	30.0	31.0	32.0	33.0	34.0	35.0
T034-B-SingleRNABAL-miRNA_S22_R1_001	5.0	43.0	179.0	684.0	3078.0	11605.0	29181.0	54140.0	89760.0	146857.0	235916.0	367266.0	540142.0	758060.0	1018658.0	1347731.0	1795094.0	2529829.0	3992163.0	8069863.0	12396357.0
	14.0	15.0	16.0	17.0	18.0	19.0	20.0	21.0	22.0	23.0	24.0	25.0	26.0	27.0	28.0	29.0	30.0	31.0	32.0	33.0	34.0	35.0
T035-B1BALRNA-PBmiRNA_S6_R1_001	2.0	18.0	138.0	352.0	747.0	2448.0	8008.0	17356.0	31704.0	54293.0	91995.0	150804.0	235671.0	351641.0	498064.0	681093.0	920332.0	1259137.0	1836027.0	3059970.0	6949302.0	13952689.0
	14.0	15.0	16.0	17.0	18.0	19.0	20.0	21.0	22.0	23.0	24.0	25.0	26.0	27.0	28.0	29.0	30.0	31.0	32.0	33.0	34.0	35.0
T035-B2BCGBAL-PBmiRNA_S3_R1_001	2.0	22.0	197.0	727.0	1536.0	4469.0	14682.0	31985.0	56198.0	91047.0	148889.0	242068.0	378430.0	566712.0	803000.0	1089552.0	1436603.0	1913856.0	2684067.0	4349801.0	10639770.0	34071173.0
	14.0	15.0	16.0	17.0	18.0	19.0	20.0	21.0	22.0	23.0	24.0	25.0	26.0	27.0	28.0	29.0	30.0	31.0	32.0	33.0	34.0	35.0
T035-B2PPDBAL-PBmiRNA_S2_R1_001	1.0	13.0	103.0	350.0	1008.0	2850.0	8144.0	17096.0	30291.0	49397.0	76691.0	122338.0	191733.0	285592.0	400463.0	541234.0	718956.0	975408.0	1412136.0	2352509.0	5399215.0	12328633.0
	14.0	15.0	16.0	17.0	18.0	19.0	20.0	21.0	22.0	23.0	24.0	25.0	26.0	27.0	28.0	29.0	30.0	31.0	32.0	33.0	34.0	35.0
T035-B2SalBAL-PBmiRNA_S1_R1_001	1.0	10.0	74.0	289.0	874.0	3204.0	9689.0	19055.0	32340.0	51666.0	78868.0	124666.0	195163.0	294010.0	412980.0	558713.0	739752.0	995949.0	1424581.0	2350239.0	5467240.0	14036611.0
	15.0	16.0	17.0	18.0	19.0	20.0	21.0	22.0	23.0	24.0	25.0	26.0	27.0	28.0	29.0	30.0	31.0	32.0	33.0	34.0	35.0
T036-B1BALRNA-PBmiRNA_S7_R1_001	16.0	113.0	264.0	605.0	1569.0	4686.0	10975.0	21537.0	39807.0	70936.0	123745.0	203974.0	314513.0	455308.0	634292.0	868045.0	1209054.0	1795621.0	3061259.0	6947762.0	13943213.0
	14.0	15.0	16.0	17.0	18.0	19.0	20.0	21.0	22.0	23.0	24.0	25.0	26.0	27.0	28.0	29.0	30.0	31.0	32.0	33.0	34.0	35.0
T036-B2S1BAL-PBmiRNA1_S1_R1_001	1.0	18.0	140.0	416.0	851.0	1960.0	5659.0	12902.0	24910.0	44177.0	79776.0	139257.0	228106.0	353974.0	513389.0	717012.0	978681.0	1359517.0	2007808.0	3386142.0	7559675.0	15115652.0
	14.0	15.0	16.0	17.0	18.0	19.0	20.0	21.0	22.0	23.0	24.0	25.0	26.0	27.0	28.0	29.0	30.0	31.0	32.0	33.0	34.0	35.0
T036-B2S2BAL-PBmiRNA2_S8_R1_001	1.0	22.0	119.0	302.0	699.0	1724.0	5040.0	12081.0	23510.0	41435.0	72482.0	125614.0	203847.0	310932.0	446742.0	615170.0	837842.0	1151100.0	1686108.0	2827223.0	6361799.0	13087927.0
	15.0	16.0	17.0	18.0	19.0	20.0	21.0	22.0	23.0	24.0	25.0	26.0	27.0	28.0	29.0	30.0	31.0	32.0	33.0	34.0	35.0
T036-B2S3BAL-PBmiRNA3_S9_R1_001	18.0	151.0	361.0	762.0	2515.0	8664.0	20033.0	34749.0	53265.0	84278.0	136291.0	217362.0	328356.0	472158.0	649254.0	878694.0	1206252.0	1763930.0	2965090.0	6912661.0	15612855.0
	14.0	15.0	16.0	17.0	18.0	19.0	20.0	21.0	22.0	23.0	24.0	25.0	26.0	27.0	28.0	29.0	30.0	31.0	32.0	33.0	34.0	35.0
T038-B1BALRNA-PBmiRNA_S25_R1_001	1.0	16.0	61.0	246.0	628.0	2038.0	6258.0	13059.0	23392.0	40002.0	69448.0	119418.0	193897.0	296389.0	429608.0	595921.0	813719.0	1124600.0	1652581.0	2787463.0	6460482.0	13617311.0
	14.0	15.0	16.0	17.0	18.0	19.0	20.0	21.0	22.0	23.0	24.0	25.0	26.0	27.0	28.0	29.0	30.0	31.0	32.0	33.0	34.0	35.0
T038-B2BCGBAL-PLmiRNA_S28_R1_001	1.0	10.0	60.0	154.0	496.0	1547.0	4706.0	10028.0	18490.0	33353.0	59237.0	101066.0	164739.0	251452.0	363142.0	506035.0	690488.0	958317.0	1416641.0	2384177.0	5384324.0	9741725.0
	14.0	15.0	16.0	17.0	18.0	19.0	20.0	21.0	22.0	23.0	24.0	25.0	26.0	27.0	28.0	29.0	30.0	31.0	32.0	33.0	34.0	35.0
T038-B2PPDBAL-PBmiRNA_S27_R1_001	1.0	12.0	72.0	163.0	425.0	1543.0	5518.0	13331.0	25737.0	43826.0	74323.0	125764.0	202785.0	309848.0	446817.0	618969.0	836785.0	1144938.0	1665314.0	2784292.0	6483822.0	14238360.0
	15.0	16.0	17.0	18.0	19.0	20.0	21.0	22.0	23.0	24.0	25.0	26.0	27.0	28.0	29.0	30.0	31.0	32.0	33.0	34.0	35.0
T038-B2SalBAL-PBmiRNA_S26_R1_001	15.0	82.0	212.0	482.0	2050.0	7303.0	17644.0	32760.0	55887.0	95483.0	157655.0	250260.0	380588.0	547447.0	754063.0	1018028.0	1381054.0	1982413.0	3267676.0	7539831.0	16359959.0
	15.0	16.0	17.0	18.0	19.0	20.0	21.0	22.0	23.0	24.0	25.0	26.0	27.0	28.0	29.0	30.0	31.0	32.0	33.0	34.0	35.0
T039-B1BALRNA-PBmiRNA_S10_R1_001	17.0	109.0	297.0	643.0	1832.0	5462.0	11960.0	21984.0	38209.0	66531.0	113805.0	187699.0	287721.0	416898.0	579995.0	790062.0	1091404.0	1600500.0	2698548.0	6208326.0	13229017.0
	14.0	15.0	16.0	17.0	18.0	19.0	20.0	21.0	22.0	23.0	24.0	25.0	26.0	27.0	28.0	29.0	30.0	31.0	32.0	33.0	34.0	35.0
T039-B2BCGBAL-PBmiRNA1_S14_R1_001	1.0	24.0	186.0	515.0	897.0	1730.0	4421.0	9842.0	19706.0	35896.0	65838.0	117697.0	197991.0	309509.0	453916.0	638162.0	874971.0	1212862.0	1788296.0	3013669.0	6800803.0	13906071.0
	15.0	16.0	17.0	18.0	19.0	20.0	21.0	22.0	23.0	24.0	25.0	26.0	27.0	28.0	29.0	30.0	31.0	32.0	33.0	34.0	35.0
T039-B2BCGBAL-PLmiRNA2_S15_R1_001	17.0	115.0	310.0	705.0	2443.0	8523.0	18614.0	32886.0	54791.0	91510.0	155196.0	254229.0	396991.0	583994.0	823797.0	1128545.0	1550013.0	2234291.0	3702136.0	9044132.0	23912344.0
	15.0	16.0	17.0	18.0	19.0	20.0	21.0	22.0	23.0	24.0	25.0	26.0	27.0	28.0	29.0	30.0	31.0	32.0	33.0	34.0	35.0
T039-B2PPDBAL-PBmiRNA1_S12_R1_001	16.0	121.0	284.0	616.0	1828.0	5916.0	14312.0	27504.0	48940.0	85601.0	148084.0	243769.0	376543.0	548675.0	761680.0	1029057.0	1413759.0	2054728.0	3441919.0	8127447.0	18981333.0
	14.0	15.0	16.0	17.0	18.0	19.0	20.0	21.0	22.0	23.0	24.0	25.0	26.0	27.0	28.0	29.0	30.0	31.0	32.0	33.0	34.0	35.0
T039-B2PPDBAL-PLmiRNA2_S13_R1_001	2.0	44.0	299.0	836.0	1433.0	3745.0	12121.0	27672.0	50229.0	83528.0	139081.0	230208.0	369367.0	563888.0	813746.0	1127597.0	1523159.0	2070391.0	2976004.0	4905926.0	11508608.0	26764078.0
	14.0	15.0	16.0	17.0	18.0	19.0	20.0	21.0	22.0	23.0	24.0	25.0	26.0	27.0	28.0	29.0	30.0	31.0	32.0	33.0	34.0	35.0
T039-B2SalBAL-PBmiRNA_S11_R1_001	1.0	30.0	92.0	260.0	572.0	1824.0	6212.0	15302.0	29641.0	52402.0	92335.0	158748.0	261641.0	401452.0	579594.0	795496.0	1071842.0	1462709.0	2113804.0	3517228.0	8097529.0	17117258.0
	14.0	15.0	16.0	17.0	18.0	19.0	20.0	21.0	22.0	23.0	24.0	25.0	26.0	27.0	28.0	29.0	30.0	31.0	32.0	33.0	34.0	35.0
T041-B1BALRNA-PBmiRNA_S22_R1_001	2.0	23.0	140.0	445.0	993.0	2940.0	8556.0	18527.0	32401.0	52159.0	83647.0	135381.0	215520.0	322685.0	456533.0	615815.0	812881.0	1088620.0	1556049.0	2580770.0	6190205.0	17333084.0
	15.0	16.0	17.0	18.0	19.0	20.0	21.0	22.0	23.0	24.0	25.0	26.0	27.0	28.0	29.0	30.0	31.0	32.0	33.0	34.0	35.0
T041-B2BCGBAL-PBmiRNA_S26_R1_001	11.0	102.0	347.0	850.0	2625.0	7553.0	15148.0	26590.0	43570.0	71079.0	118146.0	188691.0	286335.0	408699.0	558425.0	752582.0	1026001.0	1501601.0	2529902.0	5863995.0	13056164.0
	15.0	16.0	17.0	18.0	19.0	20.0	21.0	22.0	23.0	24.0	25.0	26.0	27.0	28.0	29.0	30.0	31.0	32.0	33.0	34.0	35.0
T041-B2PPDBAL-PBmiRNA1_S24_R1_001	16.0	102.0	322.0	835.0	2376.0	6947.0	15998.0	29378.0	49239.0	82045.0	136131.0	217548.0	329479.0	472087.0	645522.0	864819.0	1167977.0	1674504.0	2775594.0	6618718.0	16800324.0
	14.0	15.0	16.0	17.0	18.0	19.0	20.0	21.0	22.0	23.0	24.0	25.0	26.0	27.0	28.0	29.0	30.0	31.0	32.0	33.0	34.0	35.0
T041-B2PPDBAL-PLmiRNA2_S25_R1_001	1.0	27.0	196.0	638.0	1183.0	3736.0	11397.0	24503.0	42318.0	70071.0	118026.0	198266.0	315757.0	481920.0	690815.0	942877.0	1247730.0	1662883.0	2332245.0	3784071.0	9171512.0	28916375.0
	15.0	16.0	17.0	18.0	19.0	20.0	21.0	22.0	23.0	24.0	25.0	26.0	27.0	28.0	29.0	30.0	31.0	32.0	33.0	34.0	35.0
T041-B2SalBAL-PBmiRNA_S23_R1_001	19.0	182.0	638.0	1336.0	3488.0	10923.0	24836.0	43147.0	70535.0	116040.0	189486.0	300826.0	451978.0	645601.0	879064.0	1167723.0	1565449.0	2206026.0	3601367.0	8679674.0	26369175.0
	14.0	15.0	16.0	17.0	18.0	19.0	20.0	21.0	22.0	23.0	24.0	25.0	26.0	27.0	28.0	29.0	30.0	31.0	32.0	33.0	34.0	35.0
T042-B1BALRNA-PBmiRNA_S6_R1_001	1.0	15.0	124.0	410.0	1019.0	2721.0	7916.0	18245.0	33289.0	54947.0	90023.0	147158.0	228875.0	338756.0	473409.0	633802.0	835319.0	1123412.0	1612708.0	2695429.0	6440579.0	16504710.0
	14.0	15.0	16.0	17.0	18.0	19.0	20.0	21.0	22.0	23.0	24.0	25.0	26.0	27.0	28.0	29.0	30.0	31.0	32.0	33.0	34.0	35.0
T042-B2BCGBAL-PBmiRNA_S11_R1_001	1.0	12.0	115.0	372.0	962.0	2720.0	9059.0	21920.0	40692.0	70620.0	120296.0	203572.0	326648.0	493356.0	701972.0	953744.0	1263928.0	1680401.0	2371036.0	3875213.0	9221089.0	25680200.0
	15.0	16.0	17.0	18.0	19.0	20.0	21.0	22.0	23.0	24.0	25.0	26.0	27.0	28.0	29.0	30.0	31.0	32.0	33.0	34.0	35.0
T042-B2PPDBAL-PBmiRNA1_S9_R1_001	16.0	98.0	351.0	847.0	2467.0	7419.0	17406.0	32294.0	54150.0	89330.0	147366.0	233223.0	350067.0	498184.0	672720.0	887720.0	1189214.0	1688633.0	2779939.0	6715520.0	19423300.0
	15.0	16.0	17.0	18.0	19.0	20.0	21.0	22.0	23.0	24.0	25.0	26.0	27.0	28.0	29.0	30.0	31.0	32.0	33.0	34.0	35.0
T042-B2PPDBAL-PLmiRNA2_S10_R1_001	14.0	110.0	418.0	882.0	2519.0	7553.0	18126.0	34497.0	58653.0	98108.0	160424.0	250342.0	372657.0	524865.0	706801.0	932248.0	1240774.0	1749965.0	2870539.0	6848921.0	19890687.0
	14.0	15.0	16.0	17.0	18.0	19.0	20.0	21.0	22.0	23.0	24.0	25.0	26.0	27.0	28.0	29.0	30.0	31.0	32.0	33.0	34.0	35.0
T042-B2SalBAL-PBmiRNA1_S7_R1_001	2.0	15.0	156.0	477.0	1163.0	2999.0	9790.0	22954.0	40834.0	66952.0	109385.0	177586.0	279951.0	417419.0	585276.0	788176.0	1038869.0	1380712.0	1949725.0	3197114.0	7668181.0	22348107.0
	15.0	16.0	17.0	18.0	19.0	20.0	21.0	22.0	23.0	24.0	25.0	26.0	27.0	28.0	29.0	30.0	31.0	32.0	33.0	34.0	35.0
T042-B2SalBAL-PLmiRNA2_S8_R1_001	5.0	79.0	250.0	650.0	2058.0	6585.0	16138.0	30963.0	52852.0	89070.0	147201.0	233413.0	351105.0	499002.0	678182.0	900891.0	1209468.0	1712074.0	2804645.0	6649893.0	17953810.0
	14.0	15.0	16.0	17.0	18.0	19.0	20.0	21.0	22.0	23.0	24.0	25.0	26.0	27.0	28.0	29.0	30.0	31.0	32.0	33.0	34.0	35.0
T045-B1BALRNA-PBmiRNA_S16_R1_001	1.0	9.0	72.0	136.0	372.0	1528.0	5750.0	14065.0	26409.0	45615.0	79427.0	136064.0	223173.0	346126.0	502428.0	697619.0	945729.0	1296116.0	1870906.0	3087473.0	6836464.0	12626276.0
	14.0	15.0	16.0	17.0	18.0	19.0	20.0	21.0	22.0	23.0	24.0	25.0	26.0	27.0	28.0	29.0	30.0	31.0	32.0	33.0	34.0	35.0
T046-B1BALRNA-PBmiRNA_S17_R1_001	2.0	18.0	124.0	282.0	719.0	1819.0	5457.0	11828.0	22173.0	39309.0	69185.0	117995.0	191219.0	293268.0	423552.0	587420.0	804593.0	1119347.0	1658024.0	2827622.0	6480487.0	12887583.0
	15.0	16.0	17.0	18.0	19.0	20.0	21.0	22.0	23.0	24.0	25.0	26.0	27.0	28.0	29.0	30.0	31.0	32.0	33.0	34.0	35.0
T047-B1BALRNA-PBmiRNA_S18_R1_001	12.0	117.0	310.0	707.0	1928.0	5634.0	12234.0	23680.0	40989.0	71880.0	121369.0	194443.0	292886.0	419189.0	575910.0	780939.0	1080607.0	1588114.0	2666191.0	5943378.0	11440138.0
	14.0	15.0	16.0	17.0	18.0	19.0	20.0	21.0	22.0	23.0	24.0	25.0	26.0	27.0	28.0	29.0	30.0	31.0	32.0	33.0	34.0	35.0
T047-B2BCGBAL-PBmiRNA_S21_R1_001	1.0	24.0	109.0	333.0	621.0	1893.0	5953.0	13003.0	24023.0	40657.0	68026.0	111467.0	176263.0	263941.0	376952.0	517509.0	700044.0	959301.0	1399967.0	2344389.0	5335305.0	11512708.0
	15.0	16.0	17.0	18.0	19.0	20.0	21.0	22.0	23.0	24.0	25.0	26.0	27.0	28.0	29.0	30.0	31.0	32.0	33.0	34.0	35.0
T047-B2PPDBAL-PBmiRNA1_S19_R1_001	9.0	79.0	192.0	442.0	1338.0	4761.0	11282.0	21746.0	38373.0	67513.0	116893.0	190986.0	296029.0	431740.0	602408.0	823454.0	1133547.0	1656225.0	2786722.0	6504711.0	14402261.0
	15.0	16.0	17.0	18.0	19.0	20.0	21.0	22.0	23.0	24.0	25.0	26.0	27.0	28.0	29.0	30.0	31.0	32.0	33.0	34.0	35.0
T047-B2PPDBAL-PLmiRNA2_S20_R1_001	9.0	71.0	193.0	460.0	1903.0	7126.0	17669.0	33615.0	57105.0	96400.0	159718.0	252093.0	383846.0	552833.0	759912.0	1025621.0	1392366.0	1996696.0	3280822.0	7527808.0	15880204.0
	14.0	15.0	16.0	17.0	18.0	19.0	20.0	21.0	22.0	23.0	24.0	25.0	26.0	27.0	28.0	29.0	30.0	31.0	32.0	33.0	34.0	35.0
T047-B2SalBAL-PBmiRNA1_S3_R1_001	1.0	17.0	91.0	253.0	707.0	2253.0	7174.0	16360.0	30685.0	52451.0	87627.0	140756.0	218514.0	324656.0	456841.0	628874.0	853902.0	1187800.0	1763992.0	2980776.0	6664720.0	12017099.0
	15.0	16.0	17.0	18.0	19.0	20.0	21.0	22.0	23.0	24.0	25.0	26.0	27.0	28.0	29.0	30.0	31.0	32.0	33.0	34.0	35.0
T047-B2SalBAL-PLmiRNA2_S4_R1_001	26.0	142.0	415.0	1057.0	3378.0	9976.0	20562.0	36762.0	61446.0	100574.0	161916.0	247224.0	359893.0	501743.0	685319.0	929798.0	1290934.0	1929623.0	3245400.0	7012738.0	12097736.0
	14.0	15.0	16.0	17.0	18.0	19.0	20.0	21.0	22.0	23.0	24.0	25.0	26.0	27.0	28.0	29.0	30.0	31.0	32.0	33.0	34.0	35.0
T048-B1BALRNA-PBmiRNA_S22_R1_001	1.0	24.0	92.0	324.0	744.0	2277.0	7101.0	15937.0	28589.0	48944.0	83329.0	138571.0	222523.0	337672.0	483684.0	666057.0	902497.0	1241498.0	1818647.0	3057012.0	6936090.0	13901754.0
	15.0	16.0	17.0	18.0	19.0	20.0	21.0	22.0	23.0	24.0	25.0	26.0	27.0	28.0	29.0	30.0	31.0	32.0	33.0	34.0	35.0
T048-B2BCGBAL-PBmiRNA_S24_R1_001	26.0	96.0	245.0	690.0	2428.0	8829.0	21264.0	39245.0	65872.0	110835.0	186103.0	299500.0	456232.0	660176.0	914005.0	1236229.0	1691165.0	2448608.0	4073652.0	9544528.0	20322565.0
	14.0	15.0	16.0	17.0	18.0	19.0	20.0	21.0	22.0	23.0	24.0	25.0	26.0	27.0	28.0	29.0	30.0	31.0	32.0	33.0	34.0	35.0
T048-B2PPDBAL-PBmiRNA_S23_R1_001	1.0	20.0	89.0	321.0	693.0	2195.0	7779.0	18824.0	34536.0	58016.0	95889.0	157132.0	249450.0	376992.0	541943.0	742588.0	1002071.0	1370420.0	1990813.0	3329820.0	7820039.0	17620918.0
	14.0	15.0	16.0	17.0	18.0	19.0	20.0	21.0	22.0	23.0	24.0	25.0	26.0	27.0	28.0	29.0	30.0	31.0	32.0	33.0	34.0	35.0
T048-B2SalBAL-PBmiRNA_S5_R1_001	2.0	13.0	136.0	317.0	766.0	2139.0	6613.0	14740.0	27611.0	48205.0	83272.0	140256.0	225241.0	339961.0	485583.0	666722.0	904340.0	1248965.0	1836472.0	3080615.0	6926745.0	14066833.0
	15.0	16.0	17.0	18.0	19.0	20.0	21.0	22.0	23.0	24.0	25.0	26.0	27.0	28.0	29.0	30.0	31.0	32.0	33.0	34.0	35.0
T049-B1BALRNA-PBmiRNA_S2_R1_001	24.0	148.0	396.0	879.0	2671.0	7954.0	16676.0	29596.0	50126.0	84971.0	141916.0	226194.0	339302.0	479730.0	660616.0	897478.0	1245839.0	1845567.0	3116153.0	6926263.0	12952182.0
	14.0	15.0	16.0	17.0	18.0	19.0	20.0	21.0	22.0	23.0	24.0	25.0	26.0	27.0	28.0	29.0	30.0	31.0	32.0	33.0	34.0	35.0
T050-B1BALRNA-PBmiRNA1_S27_R1_001	2.0	25.0	110.0	424.0	980.0	2708.0	8274.0	18429.0	32964.0	56359.0	97183.0	166443.0	273884.0	420403.0	602190.0	817805.0	1084704.0	1450787.0	2061059.0	3380562.0	8081796.0	23890755.0
	14.0	15.0	16.0	17.0	18.0	19.0	20.0	21.0	22.0	23.0	24.0	25.0	26.0	27.0	28.0	29.0	30.0	31.0	32.0	33.0	34.0	35.0
T050-B1BALRNA-PLmiRNA2_S28_R1_001	2.0	14.0	100.0	314.0	738.0	2239.0	7030.0	16050.0	28899.0	48750.0	80496.0	135918.0	220622.0	337926.0	483414.0	655812.0	867315.0	1153325.0	1625778.0	2655472.0	6377900.0	19455389.0
	15.0	16.0	17.0	18.0	19.0	20.0	21.0	22.0	23.0	24.0	25.0	26.0	27.0	28.0	29.0	30.0	31.0	32.0	33.0	34.0	35.0
T051-B1BALRNA-PBmiRNA_S12_R1_001	10.0	90.0	348.0	774.0	2234.0	7030.0	16487.0	32219.0	57032.0	99704.0	169942.0	275836.0	419635.0	600862.0	819325.0	1090613.0	1463888.0	2084339.0	3429511.0	8130944.0	19583945.0
	15.0	16.0	17.0	18.0	19.0	20.0	21.0	22.0	23.0	24.0	25.0	26.0	27.0	28.0	29.0	30.0	31.0	32.0	33.0	34.0	35.0
T051-B2BCGBAL-PBmiRNA_S16_R1_001	14.0	111.0	386.0	869.0	2216.0	6606.0	15197.0	29257.0	50784.0	87651.0	147768.0	236372.0	358350.0	510462.0	692619.0	918121.0	1230859.0	1752097.0	2884401.0	6902941.0	20137709.0
	15.0	16.0	17.0	18.0	19.0	20.0	21.0	22.0	23.0	24.0	25.0	26.0	27.0	28.0	29.0	30.0	31.0	32.0	33.0	34.0	35.0
T051-B2PPDBAL-PBmiRNA1_S14_R1_001	14.0	112.0	407.0	961.0	2447.0	7514.0	18342.0	34736.0	60654.0	102333.0	169646.0	269298.0	400805.0	564021.0	758307.0	1000028.0	1335641.0	1897822.0	3132099.0	7448386.0	20542349.0
	15.0	16.0	17.0	18.0	19.0	20.0	21.0	22.0	23.0	24.0	25.0	26.0	27.0	28.0	29.0	30.0	31.0	32.0	33.0	34.0	35.0
T051-B2PPDBAL-PLmiRNA2_S15_R1_001	20.0	142.0	435.0	1066.0	3231.0	10453.0	24949.0	45292.0	74157.0	122532.0	198610.0	312058.0	465719.0	656010.0	881487.0	1157571.0	1534795.0	2153776.0	3494395.0	8451947.0	25238875.0
	15.0	16.0	17.0	18.0	19.0	20.0	21.0	22.0	23.0	24.0	25.0	26.0	27.0	28.0	29.0	30.0	31.0	32.0	33.0	34.0	35.0
T051-B2SalBAL-PBmiRNA_S13_R1_001	17.0	126.0	471.0	948.0	2166.0	6214.0	14959.0	28510.0	51461.0	90865.0	155832.0	254343.0	388422.0	553571.0	750623.0	995772.0	1336750.0	1907334.0	3154880.0	7470268.0	21136769.0
	14.0	15.0	16.0	17.0	18.0	19.0	20.0	21.0	22.0	23.0	24.0	25.0	26.0	27.0	28.0	29.0	30.0	31.0	32.0	33.0	34.0	35.0
T052-BALRNA-PBmiRNA1_S4_R1_001	1.0	22.0	136.0	504.0	1119.0	3223.0	9965.0	23217.0	41484.0	69994.0	117028.0	192246.0	306312.0	459176.0	649533.0	876425.0	1157831.0	1545817.0	2190430.0	3600344.0	8612301.0	24095140.0
	15.0	16.0	17.0	18.0	19.0	20.0	21.0	22.0	23.0	24.0	25.0	26.0	27.0	28.0	29.0	30.0	31.0	32.0	33.0	34.0	35.0
T052-BALRNA-PLmiRNA2_S5_R1_001	14.0	164.0	612.0	1356.0	3289.0	9638.0	21299.0	37580.0	62511.0	102862.0	167860.0	262326.0	393329.0	558002.0	757967.0	1008084.0	1346203.0	1894397.0	3084369.0	7512981.0	23806838.0
	15.0	16.0	17.0	18.0	19.0	20.0	21.0	22.0	23.0	24.0	25.0	26.0	27.0	28.0	29.0	30.0	31.0	32.0	33.0	34.0	35.0
T053-B1BALRNA-PBmiRNA_S29_R1_001	17.0	95.0	286.0	552.0	1636.0	5577.0	13373.0	25544.0	43696.0	76265.0	129046.0	210318.0	322657.0	468647.0	650973.0	883266.0	1207549.0	1749682.0	2920739.0	6812040.0	15525988.0
	15.0	16.0	17.0	18.0	19.0	20.0	21.0	22.0	23.0	24.0	25.0	26.0	27.0	28.0	29.0	30.0	31.0	32.0	33.0	34.0	35.0
T054-B1BALRNA-PBmiRNA_S17_R1_001	20.0	174.0	514.0	1201.0	2976.0	9292.0	21015.0	37997.0	63626.0	106717.0	177668.0	282416.0	422038.0	593472.0	795641.0	1046639.0	1391414.0	1967821.0	3229116.0	7704493.0	21892875.0
	15.0	16.0	17.0	18.0	19.0	20.0	21.0	22.0	23.0	24.0	25.0	26.0	27.0	28.0	29.0	30.0	31.0	32.0	33.0	34.0	35.0
T054-B2BCGBAL-PBmiRNA_S21_R1_001	20.0	144.0	442.0	1081.0	2815.0	8344.0	18715.0	33486.0	57077.0	96296.0	162890.0	261051.0	394311.0	563090.0	763489.0	1012828.0	1356669.0	1932940.0	3186174.0	7549312.0	20918600.0
	15.0	16.0	17.0	18.0	19.0	20.0	21.0	22.0	23.0	24.0	25.0	26.0	27.0	28.0	29.0	30.0	31.0	32.0	33.0	34.0	35.0
T054-B2PPDBAL-PBmiRNA1_S19_R1_001	19.0	100.0	357.0	927.0	2480.0	7811.0	18598.0	34833.0	58809.0	99664.0	166612.0	265762.0	402586.0	572545.0	777548.0	1029394.0	1381107.0	1960796.0	3233019.0	7820798.0	23472570.0
	15.0	16.0	17.0	18.0	19.0	20.0	21.0	22.0	23.0	24.0	25.0	26.0	27.0	28.0	29.0	30.0	31.0	32.0	33.0	34.0	35.0
T054-B2PPDBAL-PLmiRNA2_S20_R1_001	12.0	140.0	457.0	1045.0	2932.0	9005.0	19912.0	36589.0	61393.0	102426.0	168429.0	267931.0	403243.0	573089.0	778445.0	1033399.0	1387130.0	1977146.0	3265224.0	7760067.0	21769794.0
	15.0	16.0	17.0	18.0	19.0	20.0	21.0	22.0	23.0	24.0	25.0	26.0	27.0	28.0	29.0	30.0	31.0	32.0	33.0	34.0	35.0
T054-B2SalBAL-PBmiRNA_S18_R1_001	18.0	100.0	311.0	760.0	2283.0	7431.0	17494.0	32326.0	53944.0	86537.0	141415.0	220856.0	329336.0	463244.0	628190.0	830499.0	1109324.0	1574606.0	2586536.0	6130809.0	17159413.0

