"baseMean" "log2FoldChange" "lfcSE" "stat" "pvalue" "padj" "P" "log_pvalue" "sig_p.adj" "Gene"
"ENSG00000000003" 119.108744081914 -1.51949907842087 0.500964771688026 -3.03314557089681 0.00242018821877324 0.115172920447657 0.00242018821877324 2.61615085749231 "no" "ENSG00000000003"
"ENSG00000000005" 1.98321645734422 0.264275077620946 0.68614121176013 0.385161353219131 0.700117874346045 NA 0.700117874346045 0.154828834459522 NA "ENSG00000000005"
"ENSG00000000419" 503.119974948488 -0.318016607751253 0.299487343402432 -1.06186994127469 0.288294732669055 0.755079846725787 0.288294732669055 0.540163292379955 "no" "ENSG00000000419"
"ENSG00000000457" 327.064644591003 -0.157159684012153 0.109044005272061 -1.44125010467145 0.149514037781242 0.646472192722274 0.149514037781242 0.825318029782876 "no" "ENSG00000000457"
"ENSG00000000460" 207.395658124781 0.125749121527094 0.134225780436653 0.936847758441164 0.348836874859205 0.785023508824559 0.348836874859205 0.457377612898271 "no" "ENSG00000000460"
"ENSG00000000938" 1466.20493803766 -0.288229159231357 0.289674464549946 -0.99501058776156 0.319731114902371 0.771834669426402 0.319731114902371 0.495215097938923 "no" "ENSG00000000938"
"ENSG00000000971" 177.556798735664 -1.2055691850112 0.49467947915711 -2.43707134782584 0.0148067575507717 0.260936199216685 0.0148067575507717 1.82954003479283 "no" "ENSG00000000971"
"ENSG00000001036" 552.197897869015 -0.0952887015149717 0.234080795676497 -0.407076117626762 0.683952083490939 0.920917919996402 0.683952083490939 0.164974323140136 "no" "ENSG00000001036"
"ENSG00000001084" 510.417736732999 -0.199853188690087 0.250889523752736 -0.796578452941113 0.425695895460313 0.823538026608978 0.425695895460313 0.370900537249527 "no" "ENSG00000001084"
"ENSG00000001167" 593.576451029404 0.0658953181806713 0.142744146229715 0.461632367569227 0.644344979068193 0.908723544966686 0.644344979068193 0.190881551287051 "no" "ENSG00000001167"
"ENSG00000001460" 111.655243614291 -0.101495275326989 0.203025308476817 -0.499914400270834 0.617135352135005 0.899560324323778 0.617135352135005 0.209619574639902 "no" "ENSG00000001460"
"ENSG00000001461" 330.694136911588 0.139259024963996 0.164807027435056 0.844982323456275 0.398120708473898 0.8118292210508 0.398120708473898 0.399985231755175 "no" "ENSG00000001461"
"ENSG00000001497" 211.201445990994 -0.159950473930089 0.149784852769223 -1.0678681520389 0.285579990390971 0.754905985560178 0.285579990390971 0.544272225352518 "no" "ENSG00000001497"
"ENSG00000001561" 2362.99674457904 -0.495129982110128 0.355462379670725 -1.39291809886824 0.163644558718074 0.657823311107498 0.163644558718074 0.786098430673741 "no" "ENSG00000001561"
"ENSG00000001617" 10.1286959985202 -0.013727722285558 0.565410952155535 -0.0242791941564333 0.980629908897064 NA 0.980629908897064 0.008494865045716 NA "ENSG00000001617"
"ENSG00000001626" 39.286137683055 -0.915641774167305 0.564070541195654 -1.62327529501262 0.104530568272037 0.58082353804913 0.104530568272037 0.980756688590669 "no" "ENSG00000001626"
"ENSG00000001629" 833.576721774965 0.124933185667074 0.194306974797715 0.642968096215469 0.52024480165017 0.863446689891637 0.52024480165017 0.283792250618354 "no" "ENSG00000001629"
"ENSG00000001630" 12.5058322756542 0.454111200483211 0.377046321588027 1.20439101108481 0.228438484697572 NA 0.228438484697572 0.641230729306011 NA "ENSG00000001630"
"ENSG00000001631" 857.966099186601 0.0857038067188709 0.151599930390973 0.565328799939702 0.571850143164303 0.883643687084914 0.571850143164303 0.242717765828728 "no" "ENSG00000001631"
"ENSG00000002016" 110.854570209434 0.145142432844037 0.216569168117692 0.670189732479189 0.502736848303636 0.858678300007675 0.502736848303636 0.298659281813006 "no" "ENSG00000002016"
"ENSG00000002079" 21.9005637765471 0.200837847431778 0.434200088542448 0.462546767565073 0.643689272526637 0.908699378197606 0.643689272526637 0.191323728592497 "no" "ENSG00000002079"
"ENSG00000002330" 55.1274764168029 -0.342356886219455 0.262440535890189 -1.30451222048527 0.19205899561069 0.691267702750932 0.19205899561069 0.716565346647251 "no" "ENSG00000002330"
"ENSG00000002549" 3635.83046424753 -0.687105384687143 0.269888015834228 -2.54589068196782 0.0108999316968436 0.227455927615016 0.0108999316968436 1.96257622350679 "no" "ENSG00000002549"
"ENSG00000002586" 412.942342830819 -0.142861005981546 0.283275572432689 -0.504318126532045 0.614037841610889 0.89867717619471 0.614037841610889 0.211804863555283 "no" "ENSG00000002586"
"ENSG00000002587" 33.7551209209174 -0.00908193686051161 0.507279347299592 -0.0179032261196077 0.985716055356108 0.997255075861368 0.985716055356108 0.00624816959367988 "no" "ENSG00000002587"
"ENSG00000002726" 8.05574447508464 1.06972928356669 0.67573805705716 1.58305318517261 0.113409342635391 NA 0.113409342635391 0.945351166890501 NA "ENSG00000002726"
"ENSG00000002745" 2.90646491580191 0.145159532603867 0.72435009653559 0.200399686971996 0.84116800428302 NA 0.84116800428302 0.0751172550389741 NA "ENSG00000002745"
"ENSG00000002746" 11.6247169199605 0.545044251130792 0.718933603382563 0.758128773737065 0.448373895727353 NA 0.448373895727353 0.34835967991198 NA "ENSG00000002746"
"ENSG00000002822" 374.825970730559 -0.346018986098121 0.149597307810262 -2.31300276163383 0.0207224873058785 0.309528520916228 0.0207224873058785 1.68355811773057 "no" "ENSG00000002822"
"ENSG00000002834" 1810.21404553502 0.122512607301105 0.176347840078006 0.694721337368878 0.487229953453366 0.852677421041085 0.487229953453366 0.312266020416977 "no" "ENSG00000002834"
"ENSG00000002919" 150.312463603277 -0.0402358918771972 0.176754263781042 -0.227637461278106 0.819928094532187 0.959249421979658 0.819928094532187 0.0862242323933101 "no" "ENSG00000002919"
"ENSG00000002933" 38.4480720901706 0.612601861664515 0.524797023643857 1.16731199695265 0.243084395546213 0.727714677806068 0.243084395546213 0.614242919172649 "no" "ENSG00000002933"
"ENSG00000003056" 3935.92462523601 -0.241531221547499 0.221616347178902 -1.08986193763279 0.275773965324652 0.750628065342943 0.275773965324652 0.559446736164284 "no" "ENSG00000003056"
"ENSG00000003096" 25.1878401251525 -0.827161684173728 0.550883967776065 -1.50151707538886 0.133221873566174 0.625861452497269 0.133221873566174 0.875424462934607 "no" "ENSG00000003096"
"ENSG00000003137" 3.05972910200701 0.94784461370804 0.666941477218297 1.42118108722424 0.155264121444387 NA 0.155264121444387 0.808928889789257 NA "ENSG00000003137"
"ENSG00000003147" 81.3573451705648 -0.273763940915079 0.262074861890688 -1.0446020611823 0.296206926575278 0.761356270082325 0.296206926575278 0.528404790047594 "no" "ENSG00000003147"
"ENSG00000003249" 4.44688116534501 0.225076646162061 0.544191279558803 0.41359840669358 0.679168240305598 NA 0.679168240305598 0.168022631042255 NA "ENSG00000003249"
"ENSG00000003393" 478.295854710357 0.0871782091402739 0.101797544005351 0.856388137769725 0.391783123851005 0.808547447147307 0.391783123851005 0.406954275273993 "no" "ENSG00000003393"
"ENSG00000003400" 986.650998520462 0.0634963709287898 0.221878347789519 0.28617650871019 0.774742935011032 0.947609095809802 0.774742935011032 0.110842375462624 "no" "ENSG00000003400"
"ENSG00000003402" 4353.21990507869 -0.051445188042305 0.214079004670626 -0.240309357386338 0.810090441385064 0.957337306076821 0.810090441385064 0.0914664922302285 "no" "ENSG00000003402"
"ENSG00000003436" 29.3400176082603 -0.728222920738544 0.488487234897796 -1.49077164911158 0.136021457554643 0.628030241949923 0.136021457554643 0.866392575729016 "no" "ENSG00000003436"
"ENSG00000003509" 220.805085227324 0.023374728979513 0.12124199871045 0.192793992412947 0.847120308585762 0.965969627560955 0.847120308585762 0.0720549064998689 "no" "ENSG00000003509"
"ENSG00000003756" 1837.02105352685 0.101570454804743 0.0929498565687213 1.09274461041958 0.274505947123339 0.749860240046167 0.274505947123339 0.561448242197966 "no" "ENSG00000003756"
"ENSG00000003987" 14.1220039538087 0.174902926398757 0.599727536855149 0.291637311362944 0.770563944586356 NA 0.770563944586356 0.11319131589598 NA "ENSG00000003987"
"ENSG00000003989" 113.837499696434 -1.67386321171578 0.546862103184545 -3.06085062755009 0.00220709172483158 0.110394704054188 0.00220709172483158 2.65617961755858 "no" "ENSG00000003989"
"ENSG00000004059" 133.865752304495 -0.257260153769477 0.256084446980642 -1.0045910901763 0.315093789297738 0.770893253471534 0.315093789297738 0.501560156966602 "no" "ENSG00000004059"
"ENSG00000004139" 146.958328707889 0.221621750803804 0.300618973753866 0.737218107148681 0.460989723752913 0.840704357758992 0.460989723752913 0.336308755667071 "no" "ENSG00000004139"
"ENSG00000004142" 228.181489647314 -0.115483128063159 0.177992943606181 -0.64880733878233 0.51646291333756 0.86233211308038 0.51646291333756 0.28696085925788 "no" "ENSG00000004142"
"ENSG00000004399" 1178.76566310776 0.478068433798037 0.252039581393762 1.89679903114563 0.0578544672582954 0.468224478293833 0.0578544672582954 1.23766310117685 "no" "ENSG00000004399"
"ENSG00000004455" 797.466284529624 -0.0748972074313924 0.141673590106165 -0.528660333766281 0.597041098419266 0.894132943215375 0.597041098419266 0.223995772384265 "no" "ENSG00000004455"
"ENSG00000004468" 249.58287535792 -0.0903905125889935 0.399115374525032 -0.226477150113705 0.820830329134424 0.959249421979658 0.820830329134424 0.0857466050436938 "no" "ENSG00000004468"
"ENSG00000004478" 413.715177910514 -0.136770565048038 0.231683512226068 -0.590333613876597 0.554967007971792 0.876262933844913 0.554967007971792 0.255732834321804 "no" "ENSG00000004478"
"ENSG00000004487" 971.355667786472 -0.150162981063823 0.152139014274016 -0.987011660226518 0.323636922410911 0.773684769309688 0.323636922410911 0.489941937354613 "no" "ENSG00000004487"
"ENSG00000004534" 1554.07596803173 -0.0243257596412745 0.156517556608316 -0.155418728533755 0.876491220326852 0.972479237416176 0.876491220326852 0.0572524298071492 "no" "ENSG00000004534"
"ENSG00000004660" 187.679546684865 0.281649009672068 0.240730518459395 1.16997633484337 0.24201049247389 0.726729853217575 0.24201049247389 0.61616580457854 "no" "ENSG00000004660"
"ENSG00000004700" 1857.11323952366 -0.123950166360175 0.286358576075133 -0.432849499599601 0.665124109844991 0.915655729789713 0.665124109844991 0.177097309295813 "no" "ENSG00000004700"
"ENSG00000004766" 1234.64390696295 -0.0483529331632303 0.254213931561007 -0.190205677817568 0.849147962086574 0.966312855710148 0.849147962086574 0.0710166283439123 "no" "ENSG00000004766"
"ENSG00000004776" 1.68638540295567 -0.216978395283611 0.710260860664024 -0.305491133329179 0.759992122005755 NA 0.759992122005755 0.119190909544421 NA "ENSG00000004776"
"ENSG00000004777" 13.9453950324147 -0.556466854249502 0.471862627343519 -1.17929842713394 0.238279364356576 NA 0.238279364356576 0.622913567112724 NA "ENSG00000004777"
"ENSG00000004779" 393.960909508052 -0.346487633965252 0.292764586384066 -1.18350254805309 0.23661003727809 0.723097710147658 0.23661003727809 0.625966836030883 "no" "ENSG00000004779"
"ENSG00000004799" 2270.95330121607 0.381561928067122 0.293828622621544 1.29858665457034 0.1940858203266 0.69312035512534 0.1940858203266 0.712006192478001 "no" "ENSG00000004799"
"ENSG00000004809" 121.505014770573 -0.053339906456 0.412680615393597 -0.129252270318359 0.897158037310568 0.974442248184969 0.897158037310568 0.0471310478294378 "no" "ENSG00000004809"
"ENSG00000004838" 71.9909393875027 -0.945064088384725 0.462100856751314 -2.04514679983233 0.0408403875483029 0.405778236309013 0.0408403875483029 1.38891014539779 "no" "ENSG00000004838"
"ENSG00000004846" 27.0204288084359 -0.693987427880301 0.601990331606997 -1.15282155118292 0.248983636742902 0.731753032082746 0.248983636742902 0.603829193891323 "no" "ENSG00000004846"
"ENSG00000004848" 5.37290150102076 0.597264484310009 0.595049924373681 1.00372163720323 0.315512804789975 NA 0.315512804789975 0.50098301062973 NA "ENSG00000004848"
"ENSG00000004864" 549.7795341545 -0.021693860218998 0.169747601424041 -0.12780068782713 0.898306705721188 0.974442248184969 0.898306705721188 0.0465753583654535 "no" "ENSG00000004864"
"ENSG00000004866" 500.768531168737 -0.0448420030159192 0.247524023832011 -0.18116222547494 0.856240243657543 0.968552356203391 0.856240243657543 0.0674043639956724 "no" "ENSG00000004866"
"ENSG00000004897" 1146.05681352506 0.000562050442307194 0.172132363662497 0.00326522235765736 0.997394734122655 0.999545104282473 0.997394734122655 0.00113292902672984 "no" "ENSG00000004897"
"ENSG00000004939" 7.08824536660515 0.0201869760728757 0.641146142959747 0.031485763884792 0.974882145291266 NA 0.974882145291266 0.0110478835254344 NA "ENSG00000004939"
"ENSG00000004948" 38.7374774136967 -1.08709752872982 0.596825225794008 -1.82146712596399 0.0685358794481523 0.498571855051049 0.0685358794481523 1.16408201001302 "no" "ENSG00000004948"
"ENSG00000004961" 196.137184066134 -0.151786792022795 0.223208689977514 -0.680021875663022 0.496490609650636 0.857180517892742 0.496490609650636 0.304088961097055 "no" "ENSG00000004961"
"ENSG00000004975" 113.032761321019 -0.0157525510781801 0.231339864494071 -0.0680926787634728 0.94571185833192 0.984929234220927 0.94571185833192 0.0242411652876745 "no" "ENSG00000004975"
"ENSG00000005001" 9.67797142811587 -1.24492722578348 0.539074091419347 -2.30938055751422 0.0209224729469922 NA 0.0209224729469922 1.67938698501701 NA "ENSG00000005001"
"ENSG00000005007" 465.505559488935 0.0318938118076102 0.215715472692128 0.147851294158808 0.882460127262107 0.972938309000924 0.882460127262107 0.0543049084911321 "no" "ENSG00000005007"
"ENSG00000005020" 1546.07643879937 0.398674557394364 0.186227706707531 2.14079077943262 0.032290913869187 0.372802422029689 0.032290913869187 1.49091966378653 "no" "ENSG00000005020"
"ENSG00000005022" 1092.34805367764 0.104805756128783 0.236952396859017 0.442307220851371 0.658266906418317 0.913071909167527 0.658266906418317 0.181597977994936 "no" "ENSG00000005022"
"ENSG00000005059" 611.868465500168 0.0253137641765427 0.254274951437193 0.0995527244562086 0.920699427708535 0.978598907532919 0.920699427708535 0.0358821267986643 "no" "ENSG00000005059"
"ENSG00000005073" 1.62677991631929 0.514055107361714 0.723959757007721 0.710060334688233 0.477666722200127 NA 0.477666722200127 0.320875013831304 NA "ENSG00000005073"
"ENSG00000005075" 151.611038381576 -0.464976834437011 0.287790103731238 -1.61568041572147 0.10616342737327 0.585422259111837 0.10616342737327 0.974025069182138 "no" "ENSG00000005075"
"ENSG00000005100" 175.409247856243 0.246860435097169 0.201765932911247 1.2234990889456 0.221141248078904 0.712218279401628 0.221141248078904 0.655330243661549 "no" "ENSG00000005100"
"ENSG00000005102" 4.03557177129818 -0.0795200067778314 0.623460006393792 -0.12754628358247 0.898508043281009 NA 0.898508043281009 0.0464780308121877 NA "ENSG00000005102"
"ENSG00000005108" 32.4084761256628 -1.09796188576881 0.665835532465533 -1.64899863740097 0.0991479138648327 0.572125614608567 0.0991479138648327 1.00371641919466 "no" "ENSG00000005108"
"ENSG00000005156" 475.123427761228 0.0308665443808297 0.126261995628998 0.244464252501809 0.806871284547004 0.956133911194941 0.806871284547004 0.0931957402091159 "no" "ENSG00000005156"
"ENSG00000005175" 660.621422919642 -0.152829148474659 0.249228917458013 -0.613207929615175 0.539738862252272 0.869643402904456 0.539738862252272 0.267816310758041 "no" "ENSG00000005175"
"ENSG00000005187" 986.714475759539 0.578327708054005 0.437025529975968 1.32332705616948 0.185726637830599 0.683244659414996 0.185726637830599 0.731125803135921 "no" "ENSG00000005187"
"ENSG00000005189" 47.8065611970603 0.273057917540007 0.305708166962366 0.893197981111253 0.371751159068013 0.799044869442662 0.371751159068013 0.42974766873457 "no" "ENSG00000005189"
"ENSG00000005194" 159.741097413316 -0.0481815333936221 0.146567333595355 -0.328733096329925 0.74235743612546 0.939127492297501 0.74235743612546 0.129386936823902 "no" "ENSG00000005194"
"ENSG00000005206" 63.9697517068494 -0.244772598303476 0.281488979508974 -0.869563699191544 0.384538882990246 0.804769775078417 0.384538882990246 0.415059739570431 "no" "ENSG00000005206"
"ENSG00000005238" 353.672266436598 0.00841759381219949 0.226053556294802 0.0372371660511367 0.970295904927057 0.992074671676954 0.970295904927057 0.0130958015280029 "no" "ENSG00000005238"
"ENSG00000005243" 10.8932806240089 0.487990205444582 0.352339667928 1.38499933406392 0.166052670992011 NA 0.166052670992011 0.779754134291659 NA "ENSG00000005243"
"ENSG00000005249" 337.146290376088 -0.186929559866484 0.231204060476077 -0.808504658099745 0.418800125619924 0.819969229167487 0.418800125619924 0.377993196725689 "no" "ENSG00000005249"
"ENSG00000005302" 1034.03683911124 -0.116733391032259 0.160789182248975 -0.72600276585462 0.467837074982338 0.843342606102019 0.467837074982338 0.329905364351946 "no" "ENSG00000005302"
"ENSG00000005339" 1143.18223015057 0.391783435352696 0.247290092605916 1.58430704289091 0.113123863870739 0.597951368492507 0.113123863870739 0.946445769485271 "no" "ENSG00000005339"
"ENSG00000005379" 124.563711089309 -0.397936766189262 0.364235749934165 -1.09252528413586 0.274602283268234 0.749860240046167 0.274602283268234 0.561295856004318 "no" "ENSG00000005379"
"ENSG00000005381" 13.974649455142 0.460770095951018 0.634057948793773 0.726700291081571 0.46740957508551 NA 0.46740957508551 0.330302395144033 NA "ENSG00000005381"
"ENSG00000005421" 2.59682205998145 0.478720659310494 0.699274562245922 0.684596130270983 0.493598809632535 NA 0.493598809632535 0.30662589632215 NA "ENSG00000005421"
"ENSG00000005436" 355.931588499449 -0.0224177668517586 0.178764066164152 -0.125404212002949 0.900203553744145 0.974456509916354 0.900203553744145 0.0456592769247275 "no" "ENSG00000005436"
"ENSG00000005448" 53.8358758331311 -0.782613836407451 0.341401434625113 -2.29235661316662 0.0218850734680653 0.316817042577302 0.0218850734680653 1.65985199112435 "no" "ENSG00000005448"
"ENSG00000005469" 218.275868330807 -0.125570839041728 0.178658363053746 -0.702854525785351 0.482146412909981 0.849703438987455 0.482146412909981 0.31682105997005 "no" "ENSG00000005469"
"ENSG00000005471" 19.5211994670396 0.486984362256758 0.566110155142659 0.860228981644108 0.389662831893332 0.807683163103727 0.389662831893332 0.409311017541809 "no" "ENSG00000005471"
"ENSG00000005483" 2235.17117751762 0.130590177394558 0.171403403437515 0.761887890062605 0.446126918235095 0.835986658669803 0.446126918235095 0.350541571673715 "no" "ENSG00000005483"
"ENSG00000005486" 379.844737397579 0.0586782996360759 0.319902460834249 0.183425596299114 0.854464093617115 0.967846184462515 0.854464093617115 0.0683061825296606 "no" "ENSG00000005486"
"ENSG00000005513" 2.16885444821619 0.942779522705024 0.693969611710643 1.35853142096678 0.174295119351623 NA 0.174295119351623 0.758714773924631 NA "ENSG00000005513"
"ENSG00000005700" 1641.88778114006 0.0330140613221872 0.164203147032788 0.201056203360067 0.840654627301348 0.964914754186172 0.840654627301348 0.0753823921503601 "no" "ENSG00000005700"
"ENSG00000005801" 379.00971552981 -0.0957864622028446 0.150357078940687 -0.637059876912286 0.524085842255458 0.864741639721506 0.524085842255458 0.280597572244325 "no" "ENSG00000005801"
"ENSG00000005810" 4169.29813313545 0.253235250835033 0.179139303841547 1.41362194339566 0.157472934860352 0.650920839327757 0.157472934860352 0.802794078387737 "no" "ENSG00000005810"
"ENSG00000005812" 1162.78891342514 0.00289810219838591 0.14256522350769 0.0203282548652518 0.983781516318122 0.997105103736943 0.983781516318122 0.00710134139902416 "no" "ENSG00000005812"
"ENSG00000005844" 2262.36927181477 0.248730326948943 0.256152740752865 0.971023484729826 0.331536583978206 0.777324506813926 0.331536583978206 0.479468541638629 "no" "ENSG00000005844"
"ENSG00000005882" 54.0709808802763 0.125487859889183 0.226160031564819 0.554863116267376 0.57898829186641 0.887406344297918 0.57898829186641 0.237330218361031 "no" "ENSG00000005882"
"ENSG00000005884" 87.1630914064002 -0.14085776515873 0.412760797802463 -0.34125761435838 0.732909653546101 0.938586846175831 0.732909653546101 0.134949557943698 "no" "ENSG00000005884"
"ENSG00000005889" 1181.30411770716 0.439189210154373 0.205940490818036 2.13260252226178 0.0329573462455503 0.375623994225048 0.0329573462455503 1.48204776534001 "no" "ENSG00000005889"
"ENSG00000005893" 4464.07873626597 0.118366595271242 0.172605117983004 0.685765269619041 0.492861140437789 0.855447831741423 0.492861140437789 0.307275422378309 "no" "ENSG00000005893"
"ENSG00000005961" 5.90311346072083 1.06861070925743 0.599894950698913 1.78132972783391 0.0748586007562666 NA 0.0748586007562666 1.12575829490142 NA "ENSG00000005961"
"ENSG00000005981" 4.31190868078893 0.301649444430448 0.721505262506849 0.418083498632257 0.675886069286131 NA 0.675886069286131 0.170126504724595 NA "ENSG00000005981"
"ENSG00000006007" 873.92495886609 -0.0881171217193225 0.198000508410096 -0.445034825551131 0.656294586970865 0.913071909167527 0.656294586970865 0.18290117773055 "no" "ENSG00000006007"
"ENSG00000006015" 175.820437027121 -0.48050155813332 0.281117088184907 -1.70925773753486 0.0874032180694534 0.543902666217693 0.0874032180694534 1.05847257692993 "no" "ENSG00000006015"
"ENSG00000006016" 6.95892202414522 0.198371537754337 0.479060261502047 0.414084727320864 0.67881205740979 NA 0.67881205740979 0.16825045212332 NA "ENSG00000006016"
"ENSG00000006025" 29.6872853025359 0.0727253631237233 0.436291152361943 0.166689979226054 0.867613990640338 0.970211944161772 0.867613990640338 0.0616734534202839 "no" "ENSG00000006025"
"ENSG00000006042" 19.3459935374322 -1.10631933558761 0.540675151995384 -2.04618120789294 0.0407385455270931 0.405778236309013 0.0407385455270931 1.38999448051095 "no" "ENSG00000006042"
"ENSG00000006047" 3.2517936538764 0.870902533747645 0.696718713206826 1.2500059453536 0.211297375514985 NA 0.211297375514985 0.675105897204377 NA "ENSG00000006047"
"ENSG00000006059" 0.787922886691775 1.01928000834444 0.697259876483039 1.46183660170676 0.143785991449317 NA 0.143785991449317 0.84228342363752 NA "ENSG00000006059"
"ENSG00000006062" 93.5669546087612 0.355998350102098 0.335683257030584 1.06051863667917 0.288908715993766 0.755596345178184 0.288908715993766 0.53923935586817 "no" "ENSG00000006062"
"ENSG00000006071" 6.78175157819673 0.354957187393111 0.676133649666422 0.524980804561691 0.599596535030843 NA 0.599596535030843 0.222140885532452 NA "ENSG00000006071"
"ENSG00000006116" 2.5409020979824 0.339448837600262 0.692869492930741 0.489917424657334 0.62419233237234 NA 0.62419233237234 0.204681570545462 NA "ENSG00000006116"
"ENSG00000006118" 13.1565178539006 0.447502886290453 0.488162985267776 0.916707943444299 0.359295702496111 NA 0.359295702496111 0.444547977321893 NA "ENSG00000006118"
"ENSG00000006125" 1386.77536422061 0.181073989746485 0.174166687585738 1.03965914639875 0.298498287271548 0.762341880555002 0.298498287271548 0.525058156429585 "no" "ENSG00000006125"
"ENSG00000006128" 1.47625950813774 0.98328704260393 0.718381790707411 1.36875273750419 0.171076579079972 NA 0.171076579079972 0.766809442665549 NA "ENSG00000006128"
"ENSG00000006194" 297.964805188359 -0.151387471881391 0.120362282270421 -1.25776504919759 0.208476739191445 0.702450720260736 0.208476739191445 0.6809423944281 "no" "ENSG00000006194"
"ENSG00000006210" 12.2623145879976 -0.286169144429028 0.524876931613323 -0.545211891003527 0.585607794196456 NA 0.585607794196456 0.232393151632067 NA "ENSG00000006210"
"ENSG00000006282" 170.618492551885 -0.145583552429497 0.401081947400706 -0.362977075814509 0.71662200901028 0.932839944684017 0.71662200901028 0.144709857843177 "no" "ENSG00000006282"
"ENSG00000006283" 7.84505434870599 0.591531404461641 0.644454279483824 0.917879550641558 0.358681928677219 NA 0.358681928677219 0.44529050365152 NA "ENSG00000006283"
"ENSG00000006327" 31.2907831090986 0.09342547062333 0.318164744101056 0.293638664734192 0.769034027356104 0.946656055654095 0.769034027356104 0.114054443597728 "no" "ENSG00000006327"
"ENSG00000006377" 2.73862601955491 0.0524820695925812 0.724093607669424 0.0724796753302388 0.942220179659066 NA 0.942220179659066 0.0258475986535809 NA "ENSG00000006377"
"ENSG00000006432" 35.1614821743096 -0.130651409397126 0.437213221786442 -0.298827672372963 0.765071535629347 0.94538835247998 0.765071535629347 0.116297955595921 "no" "ENSG00000006432"
"ENSG00000006451" 257.105638609632 -0.109246226716726 0.173136001397079 -0.630985039709764 0.528050306322157 0.865666825580887 0.528050306322157 0.277324701107498 "no" "ENSG00000006451"
"ENSG00000006453" 72.0952332977605 -1.59516075103363 0.468946189191843 -3.40158591283714 0.000669960666883733 0.0626192577807676 0.000669960666883733 3.17395069380184 "yes" "ENSG00000006453"
"ENSG00000006459" 809.593285569145 0.578851815196183 0.3275433309688 1.76725263641933 0.0771859280802479 0.520323214790312 0.0771859280802479 1.11246186953669 "no" "ENSG00000006459"
"ENSG00000006468" 17.225709058339 -0.449825951278915 0.595547860861469 -0.755314527749684 0.450060283870376 0.837283709415485 0.450060283870376 0.346729310227425 "no" "ENSG00000006468"
"ENSG00000006530" 268.954993676358 -0.0250243454665638 0.134815559423047 -0.185619119734083 0.852743458754682 0.967716432877078 0.852743458754682 0.06918160330449 "no" "ENSG00000006530"
"ENSG00000006534" 401.17245398236 -0.248286252341993 0.185304494847381 -1.33988251362432 0.180283543944182 0.676128264638332 0.180283543944182 0.744043913324187 "no" "ENSG00000006534"
"ENSG00000006555" 22.8317244127861 -0.5424439439029 0.422430537108153 -1.28410210970146 0.19910622998789 0.697851211647916 0.19910622998789 0.700915150786087 "no" "ENSG00000006555"
"ENSG00000006576" 1236.14599296108 0.139962929850891 0.189197999354768 0.739769608178805 0.459439803065229 0.840430784723446 0.459439803065229 0.337771382883303 "no" "ENSG00000006576"
"ENSG00000006606" 0.530243575344496 0.602312596537359 0.67331503405537 0.894547969484115 0.371028776087045 NA 0.371028776087045 0.430592406257805 NA "ENSG00000006606"
"ENSG00000006607" 631.693933641594 -0.0305911801486134 0.182616852367865 -0.167515646841783 0.866964337081141 0.970137381711917 0.866964337081141 0.0619987670306196 "no" "ENSG00000006607"
"ENSG00000006611" 9.91863066012714 -0.093553592602439 0.619665295789793 -0.150974394141599 0.879995914860778 NA 0.879995914860778 0.0555193439379451 NA "ENSG00000006611"
"ENSG00000006625" 152.021218670939 -0.151446062156108 0.230663893678848 -0.656565965919943 0.511460038684337 0.861576448356104 0.511460038684337 0.291188292854758 "no" "ENSG00000006625"
"ENSG00000006634" 258.811291811435 -0.229999594950595 0.243565499633417 -0.944302847885929 0.345014911052893 0.783093047764349 0.345014911052893 0.462162134932373 "no" "ENSG00000006634"
"ENSG00000006638" 0.975333483707846 1.1505331898051 0.722367753612494 1.59272501305794 0.111221893690131 NA 0.111221893690131 0.953809714796137 NA "ENSG00000006638"
"ENSG00000006652" 1176.83181881585 0.488007940466697 0.343845336090452 1.41926584206546 0.155821526604072 0.649808476559302 0.155821526604072 0.807372545125824 "no" "ENSG00000006652"
"ENSG00000006659" 0.847440139151014 0.0473984435393665 0.691358642714826 0.068558401690391 0.945341131559613 NA 0.945341131559613 0.0244114456493885 NA "ENSG00000006659"
"ENSG00000006695" 156.621683520759 0.0472863946096419 0.144787183670255 0.326592405563561 0.743976188320874 0.939388798212306 0.743976188320874 0.128440964247587 "no" "ENSG00000006695"
"ENSG00000006704" 39.1948547537703 -0.15972937670493 0.312330138639016 -0.51141198669124 0.60906260327022 0.896873412683478 0.60906260327022 0.215338065565042 "no" "ENSG00000006704"
"ENSG00000006712" 368.303997071965 -0.41984291732355 0.224263432699219 -1.87209707918206 0.0611931740257109 0.479213305533447 0.0611931740257109 1.21329701982016 "no" "ENSG00000006712"
"ENSG00000006715" 2110.28796771228 -0.0868940642465825 0.199830800213986 -0.434838193879688 0.663679879488173 0.915241153739303 0.663679879488173 0.178041348486803 "no" "ENSG00000006715"
"ENSG00000006740" 19.6772031479999 -0.49574104115119 0.514122458146838 -0.964247006322375 0.334922102576342 0.778861008061064 0.334922102576342 0.475056191038219 "no" "ENSG00000006740"
"ENSG00000006744" 438.857254062722 -0.0607953415521168 0.137400067004284 -0.442469518957521 0.658149482606033 0.913071909167527 0.658149482606033 0.181675455781265 "no" "ENSG00000006744"
"ENSG00000006747" 83.372410549401 -1.25012808994014 0.502084348847926 -2.48987663688116 0.0127787441609627 0.24452143495028 0.0127787441609627 1.89351182464109 "no" "ENSG00000006747"
"ENSG00000006756" 362.375938168652 0.168024189680198 0.271203429972814 0.619550385837826 0.535553839731475 0.868064370131734 0.535553839731475 0.271196862604441 "no" "ENSG00000006756"
"ENSG00000006757" 91.669750444525 0.179880634318718 0.27303761543248 0.658812647604597 0.510016084608258 0.860975023581896 0.510016084608258 0.292416127144305 "no" "ENSG00000006757"
"ENSG00000006788" 9.48472798629161 0.602486490200113 0.720243488680397 0.836503904122711 0.402871481326939 NA 0.402871481326939 0.394833474584089 NA "ENSG00000006788"
"ENSG00000006831" 1009.62025032003 0.161146233778322 0.200957671498384 0.801891426073864 0.422615766184401 0.821751684968408 0.422615766184401 0.374054305108685 "no" "ENSG00000006831"
"ENSG00000006837" 9.89174748843892 0.0459500644536047 0.395233571848461 0.116260529789263 0.907446066095267 NA 0.907446066095267 0.0421791777444956 NA "ENSG00000006837"
"ENSG00000007001" 3.60670982580453 0.374487475995635 0.713117273390048 0.525141501923491 0.599484827190472 NA 0.599484827190472 0.222221804309655 NA "ENSG00000007001"
"ENSG00000007038" 35.9200239650883 0.756127842261673 0.51442604957848 1.46984749874398 0.141603061462085 0.63565037092523 0.141603061462085 0.848927357086101 "no" "ENSG00000007038"
"ENSG00000007047" 104.2631232099 0.0330515743876985 0.187218554402896 0.176540057651397 0.859869681388199 0.969151825676768 0.859869681388199 0.0655673638059271 "no" "ENSG00000007047"
"ENSG00000007062" 234.859288827579 -1.77032522484902 0.536902651700772 -3.29729275733892 0.000976216884343095 0.0740952058273544 0.000976216884343095 3.01045368519248 "yes" "ENSG00000007062"
"ENSG00000007080" 123.304988793816 -0.728710892471009 0.296205360156976 -2.46015430674456 0.0138877291028049 0.253536331655768 0.0138877291028049 1.85736876353167 "no" "ENSG00000007080"
"ENSG00000007129" 305.710035769272 -0.12352449595084 0.384439514963753 -0.321310612314364 0.747975014998385 0.940461662665913 0.747975014998385 0.126112908859547 "no" "ENSG00000007129"
"ENSG00000007168" 1621.27416263941 0.157775066141518 0.118849624442346 1.32751842407424 0.184337249457667 0.681320021920106 0.184337249457667 0.73438689701466 "no" "ENSG00000007168"
"ENSG00000007171" 29.7830236964081 -0.680411744462526 0.590457222898222 -1.15234722868283 0.249178416746063 0.731920757332731 0.249178416746063 0.603489577960016 "no" "ENSG00000007171"
"ENSG00000007174" 636.494285628164 -2.06110078260961 0.517166060000611 -3.9853751860808 6.73735850726233e-05 0.0239007793045131 6.73735850726233e-05 4.17151034242271 "yes" "ENSG00000007174"
"ENSG00000007202" 3660.05470946785 0.201212574774354 0.177987885680147 1.13048466195021 0.258272057860124 0.741060395429903 0.258272057860124 0.587922577077085 "no" "ENSG00000007202"
"ENSG00000007216" 4.56573538927868 0.696778090208647 0.534382168537015 1.30389472410022 0.192269479375688 NA 0.192269479375688 0.716089649670537 NA "ENSG00000007216"
"ENSG00000007237" 446.283903273822 0.994574527150668 0.351362622524409 2.83062131084127 0.00464576898032597 0.152986936738203 0.00464576898032597 2.33294239011567 "no" "ENSG00000007237"
"ENSG00000007255" 45.0575707496824 -0.250989664425959 0.270594325305229 -0.927549623011657 0.353641239786446 0.786957037971054 0.353641239786446 0.451437095561254 "no" "ENSG00000007255"
"ENSG00000007264" 54.9811571290066 0.0984562975519814 0.490480250869272 0.200734478865334 0.840906198173349 0.964914754186172 0.840906198173349 0.0752524463991539 "no" "ENSG00000007264"
"ENSG00000007306" 9.50429665683106 -0.254144821993444 0.655467473923542 -0.38773063821484 0.698215380058795 NA 0.698215380058795 0.156010588920438 NA "ENSG00000007306"
"ENSG00000007312" 15.5687095681284 -0.248809918061421 0.58205308592978 -0.427469459532147 0.669037425065301 0.917463651690608 0.669037425065301 0.174549587695948 "no" "ENSG00000007312"
"ENSG00000007314" 6.31684592469728 0.601318497431217 0.673965760221988 0.892209267772234 0.372280775588718 NA 0.372280775588718 0.429129389973669 NA "ENSG00000007314"
"ENSG00000007341" 297.169081256975 -0.0696500043670243 0.154039774982327 -0.452155973189492 0.651156622719116 0.911853748221618 0.651156622719116 0.186314538003967 "no" "ENSG00000007341"
"ENSG00000007350" 6.32457792123193 0.0620499185498121 0.678367901219821 0.0914694201158925 0.92711960356424 NA 0.92711960356424 0.0328642358475817 NA "ENSG00000007350"
"ENSG00000007372" 12.6543335240111 0.474312729753558 0.665947609721342 0.71223730339993 0.476317840824551 NA 0.476317840824551 0.322103151374098 NA "ENSG00000007372"
"ENSG00000007376" 31.0078099307396 0.00578489974645876 0.330231439850344 0.0175177134832479 0.986023601698361 0.997462242314304 0.986023601698361 0.00611268955707857 "no" "ENSG00000007376"
"ENSG00000007384" 7.39790620259385 -0.102858982180701 0.517874276336006 -0.198617670119541 0.842561830235713 NA 0.842561830235713 0.074398219186721 NA "ENSG00000007384"
"ENSG00000007392" 498.115818627435 0.107130773178831 0.228733433753641 0.468365168225548 0.639523472515288 0.907264749336036 0.639523472515288 0.194143510924517 "no" "ENSG00000007392"
"ENSG00000007402" 6.97283665990366 0.557588939235283 0.593949380961992 0.938781918304524 0.347842724337901 NA 0.347842724337901 0.458617076144041 NA "ENSG00000007402"
"ENSG00000007516" 33.3965477171797 -1.22280870078168 0.500684096600343 -2.44227589628785 0.0145949879760724 0.25934907943524 0.0145949879760724 1.83579625846477 "no" "ENSG00000007516"
"ENSG00000007520" 203.173559574051 -0.593451968704875 0.276944068592719 -2.14285856245443 0.0321244571827081 0.371705450085167 0.0321244571827081 1.49316420201228 "no" "ENSG00000007520"
"ENSG00000007541" 56.3220772720982 0.130520314202951 0.247902178125685 0.52649926349892 0.598541363597678 0.894132943215375 0.598541363597678 0.222905831286832 "no" "ENSG00000007541"
"ENSG00000007545" 84.5515385969416 0.0877809055058082 0.201025758701039 0.436664963102335 0.662354342342654 0.914805312710802 0.662354342342654 0.178909612141129 "no" "ENSG00000007545"
"ENSG00000007866" 10.1389674714015 -0.617185926617584 0.530051739569848 -1.16438807864011 0.244266776572857 NA 0.244266776572857 0.612135598651949 NA "ENSG00000007866"
"ENSG00000007908" 5.00004391662445 0.227235902716077 0.705224565567058 0.322217792474884 0.747287706268702 NA 0.747287706268702 0.126512162322423 NA "ENSG00000007908"
"ENSG00000007923" 308.798941512747 -0.112452994505021 0.152451009131876 -0.737633651265274 0.460737100574215 0.840704357758992 0.460737100574215 0.336546815040761 "no" "ENSG00000007923"
"ENSG00000007933" 22.8233739418497 -1.58584583644853 0.560190637603848 -2.83090385664389 0.00464166711864757 0.152986936738203 0.00464166711864757 2.3333260085846 "no" "ENSG00000007933"
"ENSG00000007944" 216.283296690319 -0.505011820133861 0.289192908990089 -1.7462800934416 0.0807622931994594 0.52856127234816 0.0807622931994594 1.0927913580081 "no" "ENSG00000007944"
"ENSG00000007952" 2.59254875238869 0.186014082304587 0.717048839503884 0.259416196019908 0.795314134721952 NA 0.795314134721952 0.0994612989791601 NA "ENSG00000007952"
"ENSG00000007968" 31.5283322533614 0.893906944408148 0.408961965864852 2.18579481472748 0.0288306203064074 0.358008872205818 0.0288306203064074 1.54014601343032 "no" "ENSG00000007968"
"ENSG00000008018" 1008.29019407372 -0.350214082198074 0.298094276671952 -1.17484336199946 0.240057388475298 0.725717603593726 0.240057388475298 0.619684922793456 "no" "ENSG00000008018"
"ENSG00000008056" 2.50685242900567 1.49383317273601 0.654176245543684 2.2835331960036 0.0223989797655497 NA 0.0223989797655497 1.64977176257131 NA "ENSG00000008056"
"ENSG00000008083" 394.97667084927 0.199843588031994 0.228525680868026 0.874490723637331 0.381851069802987 0.803890194389512 0.381851069802987 0.418105988329988 "no" "ENSG00000008083"
